¥éËweb-scraper-order,web-scraper-start-url,productlink,productlink-href,productname,productprice,color1575157607-6131,https://www.zara.com/us/en/woman-knitwear-l1152.html?v1=1281621,SEQUIN SWEATER,https://www.zara.com/us/en/sequin-sweater-p02488125.html,SEQUIN SWEATER Details,69.90 USD,Ecru1575157408-6035,https://www.zara.com/us/en/woman-knitwear-l1152.html?v1=1281621,PANTS WITH METALLIC THREAD,https://www.zara.com/us/en/pants-with-metallic-thread-p01822116.html,PANTS WITH METALLIC THREAD Details,39.90 USD,Black1575157416-6039,https://www.zara.com/us/en/woman-knitwear-l1152.html?v1=1281621,CROCHET SWEATER,https://www.zara.com/us/en/crochet-sweater-p00021102.html,CROCHET SWEATER Details,69.90 USD,Ecru1575158139-6388,https://www.zara.com/us/en/woman-knitwear-l1152.html?v1=1281621,SPECIAL EDITION COMBINATION SWEATER,https://www.zara.com/us/en/special-edition-combination-sweater-p06873126.html,SPECIAL EDITION COMBINATION SWEATER Details,69.90 USD,Ecru1575157399-6031,https://www.zara.com/us/en/woman-knitwear-l1152.html?v1=1281621,KNIT CULOTTES,https://www.zara.com/us/en/knit-culottes-p02142124.html,KNIT CULOTTES Details,39.90 USD,Khaki1575157820-6234,https://www.zara.com/us/en/woman-knitwear-l1152.html?v1=1281621,COLORBLOCK MOCK NECK SWEATER,https://www.zara.com/us/en/colorblock-mock-neck-sweater-p05536135.html,COLORBLOCK MOCK NECK SWEATER Details,35.90 USD,Black / Ecru1575157748-6199,https://www.zara.com/us/en/woman-knitwear-l1152.html?v1=1281621,COMBINATION KNIT SWEATSHIRT,https://www.zara.com/us/en/combination-knit-sweatshirt-p06771134.html,COMBINATION KNIT SWEATSHIRT Details,49.90 USD,Light Blue1575158081-6360,https://www.zara.com/us/en/woman-knitwear-l1152.html?v1=1281621,HIGH COLLAR MINI DRESS,https://www.zara.com/us/en/high-collar-mini-dress-p06771142.html,HIGH COLLAR MINI DRESS Details,39.90 USD,Black1575157452-6056,https://www.zara.com/us/en/woman-knitwear-l1152.html?v1=1281621,OVERSIZED KNIT CARDIGAN,https://www.zara.com/us/en/oversized-knit-cardigan-p06771107.html,OVERSIZED KNIT CARDIGAN Details,49.90 USD,White1575157624-6139,https://www.zara.com/us/en/woman-knitwear-l1152.html?v1=1281621,MOHAIR BLEND RUFFLED SWEATER,https://www.zara.com/us/en/mohair-blend-ruffled-sweater-p09598163.html,MOHAIR BLEND RUFFLED SWEATER Details,89.90 USD,Purple1575157903-6274,https://www.zara.com/us/en/woman-knitwear-l1152.html?v1=1281621,HOUNDSTOOTH SEQUIN DRESS,https://www.zara.com/us/en/houndstooth-sequin-dress-p02488145.html,HOUNDSTOOTH SEQUIN DRESS Details,69.90 USD,Black / White1575157334-6000,https://www.zara.com/us/en/woman-knitwear-l1152.html?v1=1281621,METALLIC THREAD RUFFLED SKIRT,https://www.zara.com/us/en/metallic-thread-ruffled-skirt-p01822118.html,METALLIC THREAD RUFFLED SKIRT Details,39.90 USD,Sea green1575157996-6319,https://www.zara.com/us/en/woman-knitwear-l1152.html?v1=1281621,KNIT DRESS WITH CONTRASTING TRIM,https://www.zara.com/us/en/knit-dress-with-contrasting-trim-p08146124.html,KNIT DRESS WITH CONTRASTING TRIM Details,69.90 USD,Black1575157619-6137,https://www.zara.com/us/en/woman-knitwear-l1152.html?v1=1281621,ASYMMETRICAL TOP,https://www.zara.com/us/en/asymmetrical-top-p00014103.html,ASYMMETRICAL TOP Details,35.90 USD,Anthracite Gray1575157389-6026,https://www.zara.com/us/en/woman-knitwear-l1152.html?v1=1281621,RIBBED KNIT SWEATER,https://www.zara.com/us/en/ribbed-knit-sweater-p02162100.html,RIBBED KNIT SWEATER Details,25.90 USD,Duck blue1575157789-6219,https://www.zara.com/us/en/woman-knitwear-l1152.html?v1=1281621,LIMITED EDITION SEQUIN DRESS,https://www.zara.com/us/en/limited-edition-sequin-dress-p02488128.html,LIMITED EDITION SEQUIN DRESS Details,69.90 USD,Green1575157221-5945,https://www.zara.com/us/en/woman-knitwear-l1152.html?v1=1281621,THE MINIMAL EDIT,https://www.zara.com/us/en/the-minimal-edit-pT6873128481.html,THE MINIMAL EDIT,49.90 USD,null1575157829-6238,https://www.zara.com/us/en/woman-knitwear-l1152.html?v1=1281621,HOUNDSTOOTH KNIT PANTS,https://www.zara.com/us/en/houndstooth-knit-pants-p06873136.html,HOUNDSTOOTH KNIT PANTS Details,49.90 USD,Black / White1575157281-5974,https://www.zara.com/us/en/woman-knitwear-l1152.html?v1=1281621,SOFT FEEL PANTS,https://www.zara.com/us/en/soft-feel-pants-p03597105.html,SOFT FEEL PANTS Details,49.90 USD,Ecru1575157303-5985,https://www.zara.com/us/en/woman-knitwear-l1152.html?v1=1281621,TULLE SLEEVE SWEATER,https://www.zara.com/us/en/tulle-sleeve-sweater-p02488141.html,TULLE SLEEVE SWEATER Details,39.90 USD,Black1575157460-6060,https://www.zara.com/us/en/woman-knitwear-l1152.html?v1=1281621,RUFFLED KNIT TOP,https://www.zara.com/us/en/ruffled-knit-top-p02142107.html,RUFFLED KNIT TOP Details,25.90 USD,Ecru1575157328-5997,https://www.zara.com/us/en/woman-knitwear-l1152.html?v1=1281621,LONG ANIMAL PRINT JACQUARD JACKET,https://www.zara.com/us/en/long-animal-print-jacquard-jacket-p09659101.html,LONG ANIMAL PRINT JACQUARD JACKET Details,49.90 USD,Leopard1575157347-6006,https://www.zara.com/us/en/woman-knitwear-l1152.html?v1=1281621,OPEN KNIT SWEATER,https://www.zara.com/us/en/open-knit-sweater-p06693005.html,OPEN KNIT SWEATER Details,49.90 USD,Ecru1575157886-6266,https://www.zara.com/us/en/woman-knitwear-l1152.html?v1=1281621,SHORT TWEED JACKET,https://www.zara.com/us/en/short-tweed-jacket-p06873132.html,SHORT TWEED JACKET Details,69.90 USD,Red1575158114-6376,https://www.zara.com/us/en/woman-knitwear-l1152.html?v1=1281621,OVERSIZED WOOL AND ALPACA BLEND SWEATER,https://www.zara.com/us/en/oversized-wool-and-alpaca-blend-sweater-p06873138.html,OVERSIZED WOOL AND ALPACA BLEND SWEATER Details,49.90 USD,Camel1575158062-6351,https://www.zara.com/us/en/woman-knitwear-l1152.html?v1=1281621,LIMITED EDITION RECYCLED CASHMERE SWEATER,https://www.zara.com/us/en/limited-edition-recycled-cashmere-sweater-p06693100.html,LIMITED EDITION RECYCLED CASHMERE SWEATER Details,199.00 USD,Navy blue1575157644-6149,https://www.zara.com/us/en/woman-knitwear-l1152.html?v1=1281621,CABLE KNIT SWEATER,https://www.zara.com/us/en/cable-knit-sweater-p06873112.html,CABLE KNIT SWEATER Details,49.90 USD,Ecru1575157470-6065,https://www.zara.com/us/en/woman-knitwear-l1152.html?v1=1281621,PUFF SHOULDER KNIT TOP,https://www.zara.com/us/en/puff-shoulder-knit-top-p08146100.html,PUFF SHOULDER KNIT TOP Details,39.90 USD,Black1575158068-6354,https://www.zara.com/us/en/woman-knitwear-l1152.html?v1=1281621,WOOL BLEND CROP TOP,https://www.zara.com/us/en/wool-blend-crop-top-p03653115.html,WOOL BLEND CROP TOP Details,25.90 USD,Mink1575157566-6111,https://www.zara.com/us/en/woman-knitwear-l1152.html?v1=1281621,WIDE LEG JACQUARD PANTS,https://www.zara.com/us/en/wide-leg-jacquard-pants-p01822125.html,WIDE LEG JACQUARD PANTS Details,49.90 USD,Mustard1575157613-6134,https://www.zara.com/us/en/woman-knitwear-l1152.html?v1=1281621,JACQUARD KNIT PANTS,https://www.zara.com/us/en/jacquard-knit-pants-p01822130.html,JACQUARD KNIT PANTS Details,49.90 USD,Brick1575157360-6012,https://www.zara.com/us/en/woman-knitwear-l1152.html?v1=1281621,TEXTURED KNIT DRESS,https://www.zara.com/us/en/textured-knit-dress-p01509102.html,TEXTURED KNIT DRESS Details,49.90 USD,Blue gray1575157977-6310,https://www.zara.com/us/en/woman-knitwear-l1152.html?v1=1281621,MACRAMíŠ DRESS,https://www.zara.com/us/en/macram%C3%A9-dress-p02893106.html,MACRAMíŠ DRESS Details,69.90 USD,Black1575157990-6316,https://www.zara.com/us/en/woman-knitwear-l1152.html?v1=1281621,DRESS WITH METALLIC THREAD,https://www.zara.com/us/en/dress-with-metallic-thread-p09874005.html,DRESS WITH METALLIC THREAD Details,35.90 USD,Copper1575157448-6054,https://www.zara.com/us/en/woman-knitwear-l1152.html?v1=1281621,KNIT SWEATER WITH APPLIQUíŠ,https://www.zara.com/us/en/knit-sweater-with-appliqu%C3%A9-p02298107.html,KNIT SWEATER WITH APPLIQUíŠ Details,35.90 USD,White1575157778-6214,https://www.zara.com/us/en/woman-knitwear-l1152.html?v1=1281621,STRIPED SWEATER WITH TULLE DETAIL,https://www.zara.com/us/en/striped-sweater-with-tulle-detail-p06771133.html,STRIPED SWEATER WITH TULLE DETAIL Details,49.90 USD,striped1575158077-6358,https://www.zara.com/us/en/woman-knitwear-l1152.html?v1=1281621,BOW KNIT SWEATER,https://www.zara.com/us/en/bow-knit-sweater-p06771136.html,BOW KNIT SWEATER Details,49.90 USD,Ecru / Black1575157437-6049,https://www.zara.com/us/en/woman-knitwear-l1152.html?v1=1281621,OPENWORK SWEATER,https://www.zara.com/us/en/openwork-sweater-p03500006.html,OPENWORK SWEATER Details,35.90 USD,Mustard1575157787-6218,https://www.zara.com/us/en/woman-knitwear-l1152.html?v1=1281621,BALLOON SLEEVE JACQUARD DRESS,https://www.zara.com/us/en/balloon-sleeve-jacquard-dress-p00021113.html,BALLOON SLEEVE JACQUARD DRESS Details,69.90 USD,Gray1575157364-6014,https://www.zara.com/us/en/woman-knitwear-l1152.html?v1=1281621,BUTTONED TEXTURED JACKET,https://www.zara.com/us/en/buttoned-textured-jacket-p01509108.html,BUTTONED TEXTURED JACKET Details,39.90 USD,Stone1575157911-6278,https://www.zara.com/us/en/woman-knitwear-l1152.html?v1=1281621,SOFT FEEL SWEATER WITH PEARL MOTIF,https://www.zara.com/us/en/soft-feel-sweater-with-pearl-motif-p01067002.html,SOFT FEEL SWEATER WITH PEARL MOTIF Details,25.90 USD,Black1575157826-6237,https://www.zara.com/us/en/woman-knitwear-l1152.html?v1=1281621,COLD SHOULDER SWEATER,https://www.zara.com/us/en/cold-shoulder-sweater-p08146126.html,COLD SHOULDER SWEATER Details,39.90 USD,Black1575157601-6128,https://www.zara.com/us/en/woman-knitwear-l1152.html?v1=1281621,WOOL BLEND SWEATER WITH ELASTIC HEM,https://www.zara.com/us/en/wool-blend-sweater-with-elastic-hem-p06771106.html,WOOL BLEND SWEATER WITH ELASTIC HEM Details,49.90 USD,Duck green1575157204-5937,https://www.zara.com/us/en/woman-knitwear-l1152.html?v1=1281621,OPENWORK SLEEVE SWEATER,https://www.zara.com/us/en/openwork-sleeve-sweater-p05536104.html,OPENWORK SLEEVE SWEATER Details,39.90 USD,White1575157849-6248,https://www.zara.com/us/en/woman-knitwear-l1152.html?v1=1281621,RUFFLED KNIT DRESS,https://www.zara.com/us/en/ruffled-knit-dress-p06771109.html,RUFFLED KNIT DRESS Details,69.90 USD,Black1575158041-6341,https://www.zara.com/us/en/woman-knitwear-l1152.html?v1=1281621,PATCHWORK SWEATER,https://www.zara.com/us/en/patchwork-sweater-p06873131.html,PATCHWORK SWEATER Details,39.90 USD,Gray1575157731-6191,https://www.zara.com/us/en/woman-knitwear-l1152.html?v1=1281621,ALPACA AND WOOL BLEND SWEATER,https://www.zara.com/us/en/alpaca-and-wool-blend-sweater-p00837103.html,ALPACA AND WOOL BLEND SWEATER Details,49.90 USD,Navy blue1575157982-6312,https://www.zara.com/us/en/woman-knitwear-l1152.html?v1=1281621,BELTED CARDIGAN,https://www.zara.com/us/en/belted-cardigan-p05536117.html,BELTED CARDIGAN Details,49.90 USD,Ecru1575157446-6053,https://www.zara.com/us/en/woman-knitwear-l1152.html?v1=1281621,OVERSIZED KNIT SWEATER,https://www.zara.com/us/en/oversized-knit-sweater-p01509113.html,OVERSIZED KNIT SWEATER Details,49.90 USD,Gray1575157727-6189,https://www.zara.com/us/en/woman-knitwear-l1152.html?v1=1281621,MOHAIR BLEND SWEATER,https://www.zara.com/us/en/mohair-blend-sweater-p01303100.html,MOHAIR BLEND SWEATER Details,69.90 USD,Beige1575157225-5947,https://www.zara.com/us/en/woman-knitwear-l1152.html?v1=1281621,METALLIC THREAD RUFFLED DRESS,https://www.zara.com/us/en/metallic-thread-ruffled-dress-p01822101.html,METALLIC THREAD RUFFLED DRESS Details,49.90 USD,Blue / Green1575157932-6288,https://www.zara.com/us/en/woman-knitwear-l1152.html?v1=1281621,COLOR BLOCK SWEATER,https://www.zara.com/us/en/color-block-sweater-p09598184.html,COLOR BLOCK SWEATER Details,49.90 USD,Multicolored1575158116-6377,https://www.zara.com/us/en/woman-knitwear-l1152.html?v1=1281621,ALPACA AND WOOL BLEND SWEATER,https://www.zara.com/us/en/alpaca-and-wool-blend-sweater-p09598102.html,ALPACA AND WOOL BLEND SWEATER Details,69.90 USD,Light Blue1575157884-6265,https://www.zara.com/us/en/woman-knitwear-l1152.html?v1=1281621,KNIT SWEATER WITH STRIPES,https://www.zara.com/us/en/knit-sweater-with-stripes-p04978106.html,KNIT SWEATER WITH STRIPES Details,35.90 USD,Red / Black1575157764-6207,https://www.zara.com/us/en/woman-knitwear-l1152.html?v1=1281621,BASIC BUTTONED JACKET,https://www.zara.com/us/en/basic-buttoned-jacket-p05646126.html,BASIC BUTTONED JACKET Details,35.90 USD,Black1575157630-6142,https://www.zara.com/us/en/woman-knitwear-l1152.html?v1=1281621,COLD SHOULDER CABLE KNIT SWEATER,https://www.zara.com/us/en/cold-shoulder-cable-knit-sweater-p06873123.html,COLD SHOULDER CABLE KNIT SWEATER Details,49.90 USD,Light gray1575157293-5980,https://www.zara.com/us/en/woman-knitwear-l1152.html?v1=1281621,HDY/SWTR 03,https://www.zara.com/us/en/hdy-swtr-03-p06693171.html,HDY/SWTR 03 Details,99.90 USD,Black1575157628-6141,https://www.zara.com/us/en/woman-knitwear-l1152.html?v1=1281621,CABLE KNIT PATCHWORK JACKET,https://www.zara.com/us/en/cable-knit-patchwork-jacket-p03653107.html,CABLE KNIT PATCHWORK JACKET Details,49.90 USD,Ecru1575158004-6323,https://www.zara.com/us/en/woman-knitwear-l1152.html?v1=1281621,JACQUARD CARDIGAN,https://www.zara.com/us/en/jacquard-cardigan-p05802105.html,JACQUARD CARDIGAN Details,69.90 USD,Brown1575157370-6017,https://www.zara.com/us/en/woman-knitwear-l1152.html?v1=1281621,RIBBED TUBE DRESS,https://www.zara.com/us/en/ribbed-tube-dress-p03471113.html,RIBBED TUBE DRESS Details,49.90 USD,Green1575157514-6086,https://www.zara.com/us/en/woman-knitwear-l1152.html?v1=1281621,KNIT MINI SKIRT,https://www.zara.com/us/en/knit-mini-skirt-p05536114.html,KNIT MINI SKIRT Details,35.90 USD,Gray1575158118-6378,https://www.zara.com/us/en/woman-knitwear-l1152.html?v1=1281621,STRIPED TURTLENECK SWEATER,https://www.zara.com/us/en/striped-turtleneck-sweater-p03471118.html,STRIPED TURTLENECK SWEATER Details,29.90 USD,Black / Brown1575157698-6175,https://www.zara.com/us/en/woman-knitwear-l1152.html?v1=1281621,SEQUIN CHENILLE SWEATER,https://www.zara.com/us/en/sequin-chenille-sweater-p01822120.html,SEQUIN CHENILLE SWEATER Details,49.90 USD,Black1575157853-6250,https://www.zara.com/us/en/woman-knitwear-l1152.html?v1=1281621,ROUND NECK SWEATER,https://www.zara.com/us/en/round-neck-sweater-p09598112.html,ROUND NECK SWEATER Details,39.90 USD,Blue1575158095-6367,https://www.zara.com/us/en/woman-knitwear-l1152.html?v1=1281621,KNIT SWEATER WITH POCKETS,https://www.zara.com/us/en/knit-sweater-with-pockets-p02488147.html,KNIT SWEATER WITH POCKETS Details,49.90 USD,Toffee1575157553-6105,https://www.zara.com/us/en/woman-knitwear-l1152.html?v1=1281621,CROPPED JACQUARD SWEATER,https://www.zara.com/us/en/cropped-jacquard-sweater-p04219100.html,CROPPED JACQUARD SWEATER Details,49.90 USD,Ecru1575157708-6180,https://www.zara.com/us/en/woman-knitwear-l1152.html?v1=1281621,DRESS WITH BEADING AT SLEEVES,https://www.zara.com/us/en/dress-with-beading-at-sleeves-p09919005.html,DRESS WITH BEADING AT SLEEVES Details,69.90 USD,Black1575157745-6198,https://www.zara.com/us/en/woman-knitwear-l1152.html?v1=1281621,FEATHERED SWEATER,https://www.zara.com/us/en/feathered-sweater-p09598161.html,FEATHERED SWEATER Details,49.90 USD,Light Blue1575157907-6276,https://www.zara.com/us/en/woman-knitwear-l1152.html?v1=1281621,LONG RIBBED DRESS,https://www.zara.com/us/en/long-ribbed-dress-p06873103.html,LONG RIBBED DRESS Details,49.90 USD,Black1575157468-6064,https://www.zara.com/us/en/woman-knitwear-l1152.html?v1=1281621,KNIT CULOTTE PANTS,https://www.zara.com/us/en/knit-culotte-pants-p09919101.html,KNIT CULOTTE PANTS Details,69.90 USD,Gray marl1575157955-6299,https://www.zara.com/us/en/woman-knitwear-l1152.html?v1=1281621,KNIT DRESS WITH METALLIC THREAD,https://www.zara.com/us/en/knit-dress-with-metallic-thread-p09874110.html,KNIT DRESS WITH METALLIC THREAD Details,69.90 USD,Indigo1575157362-6013,https://www.zara.com/us/en/woman-knitwear-l1152.html?v1=1281621,CROSSED HALTER TOP,https://www.zara.com/us/en/crossed-halter-top-p03519106.html,CROSSED HALTER TOP Details,25.90 USD,Black1575158039-6340,https://www.zara.com/us/en/woman-knitwear-l1152.html?v1=1281621,BUTTONED STRIPED SWEATER,https://www.zara.com/us/en/buttoned-striped-sweater-p03471119.html,BUTTONED STRIPED SWEATER Details,39.90 USD,striped1575157801-6225,https://www.zara.com/us/en/woman-knitwear-l1152.html?v1=1281621,OPENWORK CABLE KNIT SWEATER,https://www.zara.com/us/en/openwork-cable-knit-sweater-p03859116.html,OPENWORK CABLE KNIT SWEATER Details,49.90 USD,Ecru1575157880-6263,https://www.zara.com/us/en/woman-knitwear-l1152.html?v1=1281621,FAUX FUR SWEATER WITH METALLIC THREAD,https://www.zara.com/us/en/faux-fur-sweater-with-metallic-thread-p06873116.html,FAUX FUR SWEATER WITH METALLIC THREAD Details,49.90 USD,White1575157231-5950,https://www.zara.com/us/en/woman-knitwear-l1152.html?v1=1281621,METALLIC THREAD ASYMMETRIC DRESS,https://www.zara.com/us/en/metallic-thread-asymmetric-dress-p01822102.html,METALLIC THREAD ASYMMETRIC DRESS Details,89.90 USD,Light pink1575157375-6019,https://www.zara.com/us/en/woman-knitwear-l1152.html?v1=1281621,LIMITED EDITION EMBROIDERED DRESS,https://www.zara.com/us/en/limited-edition-embroidered-dress-p06895100.html,LIMITED EDITION EMBROIDERED DRESS Details,119.00 USD,Ecru / Black1575157456-6058,https://www.zara.com/us/en/woman-knitwear-l1152.html?v1=1281621,DRESS WITH METALLIC THREAD,https://www.zara.com/us/en/dress-with-metallic-thread-p02488126.html,DRESS WITH METALLIC THREAD Details,69.90 USD,Black / Silver1575157733-6192,https://www.zara.com/us/en/woman-knitwear-l1152.html?v1=1281621,HIGH COLLAR WOOL SWEATER,https://www.zara.com/us/en/high-collar-wool-sweater-p01509116.html,HIGH COLLAR WOOL SWEATER Details,119.00 USD,Blue1575157291-5979,https://www.zara.com/us/en/woman-knitwear-l1152.html?v1=1281621,ICE/SWTR 03,https://www.zara.com/us/en/ice-swtr-03-p04566191.html,ICE/SWTR 03 Details,99.90 USD,Ecru1575157926-6285,https://www.zara.com/us/en/woman-knitwear-l1152.html?v1=1281621,KNIT PALAZZO PANTS,https://www.zara.com/us/en/knit-palazzo-pants-p09598187.html,KNIT PALAZZO PANTS Details,69.90 USD,Dark gray1575158141-6389,https://www.zara.com/us/en/woman-knitwear-l1152.html?v1=1281621,BOW MIDI DRESS,https://www.zara.com/us/en/bow-midi-dress-p05507109.html,BOW MIDI DRESS Details,69.90 USD,Anthracite grey1575157279-5973,https://www.zara.com/us/en/woman-knitwear-l1152.html?v1=1281621,TIED KNIT TOP,https://www.zara.com/us/en/tied-knit-top-p03859105.html,TIED KNIT TOP Details,25.90 USD,Plum1575157502-6080,https://www.zara.com/us/en/woman-knitwear-l1152.html?v1=1281621,CUT OUT SWEATER,https://www.zara.com/us/en/cut-out-sweater-p03859110.html,CUT OUT SWEATER Details,35.90 USD,Black1575157533-6095,https://www.zara.com/us/en/woman-knitwear-l1152.html?v1=1281621,V-NECK SWEATER,https://www.zara.com/us/en/v-neck-sweater-p02142106.html,V-NECK SWEATER Details,39.90 USD,Green1575157212-5941,https://www.zara.com/us/en/woman-knitwear-l1152.html?v1=1281621,RIBBED MIDI SKIRT,https://www.zara.com/us/en/ribbed-midi-skirt-p02142130.html,RIBBED MIDI SKIRT Details,49.90 USD,Burgundy1575157634-6144,https://www.zara.com/us/en/woman-knitwear-l1152.html?v1=1281621,PLAID KNIT SWEATSHIRT,https://www.zara.com/us/en/plaid-knit-sweatshirt-p06873114.html,PLAID KNIT SWEATSHIRT Details,69.90 USD,Multicolored1575158085-6362,https://www.zara.com/us/en/woman-knitwear-l1152.html?v1=1281621,KNIT MIDI DRESS,https://www.zara.com/us/en/knit-midi-dress-p05536138.html,KNIT MIDI DRESS Details,69.90 USD,Bluish1575158070-6355,https://www.zara.com/us/en/woman-knitwear-l1152.html?v1=1281621,WOOL BLEND JACKET,https://www.zara.com/us/en/wool-blend-jacket-p03653116.html,WOOL BLEND JACKET Details,39.90 USD,Mink1575157481-6070,https://www.zara.com/us/en/woman-knitwear-l1152.html?v1=1281621,WIDE LEG KNIT PANTS,https://www.zara.com/us/en/wide-leg-knit-pants-p05536112.html,WIDE LEG KNIT PANTS Details,49.90 USD,Gray1575157750-6200,https://www.zara.com/us/en/woman-knitwear-l1152.html?v1=1281621,ANIMAL PRINT MOHAIR BLEND SWEATER,https://www.zara.com/us/en/animal-print-mohair-blend-sweater-p01314100.html,ANIMAL PRINT MOHAIR BLEND SWEATER Details,89.90 USD,Gray1575157835-6241,https://www.zara.com/us/en/woman-knitwear-l1152.html?v1=1281621,METALLIC THREAD TIED SWEATER,https://www.zara.com/us/en/metallic-thread-tied-sweater-p04331126.html,METALLIC THREAD TIED SWEATER Details,39.90 USD,Green1575157944-6294,https://www.zara.com/us/en/woman-knitwear-l1152.html?v1=1281621,SEQUIN MINI SKIRT,https://www.zara.com/us/en/sequin-mini-skirt-p04193103.html,SEQUIN MINI SKIRT Details,69.90 USD,Black1575157233-5951,https://www.zara.com/us/en/woman-knitwear-l1152.html?v1=1281621,RUFFLED KNIT TOP,https://www.zara.com/us/en/ruffled-knit-top-p02142112.html,RUFFLED KNIT TOP Details,49.90 USD,only one1575158112-6375,https://www.zara.com/us/en/woman-knitwear-l1152.html?v1=1281621,COMBINATION KNIT POLKA DOT TOP,https://www.zara.com/us/en/combination-knit-polka-dot-top-p02488151.html,COMBINATION KNIT POLKA DOT TOP Details,35.90 USD,Black1575157692-6172,https://www.zara.com/us/en/woman-knitwear-l1152.html?v1=1281621,CUT OUT KNIT DRESS,https://www.zara.com/us/en/cut-out-knit-dress-p02142103.html,CUT OUT KNIT DRESS Details,49.90 USD,Black1575157961-6302,https://www.zara.com/us/en/woman-knitwear-l1152.html?v1=1281621,LONG KNIT COAT,https://www.zara.com/us/en/long-knit-coat-p06873119.html,LONG KNIT COAT Details,89.90 USD,Gray marl1575157913-6279,https://www.zara.com/us/en/woman-knitwear-l1152.html?v1=1281621,THE LION KING Œ©DISNEY SWEATER,https://www.zara.com/us/en/the-lion-king-%C2%A9disney-sweater-p00021104.html,THE LION KING Œ©DISNEY SWEATER Details,49.90 USD,Ecru1575157774-6212,https://www.zara.com/us/en/woman-knitwear-l1152.html?v1=1281621,HOODED KNIT SWEATSHIRT,https://www.zara.com/us/en/hooded-knit-sweatshirt-p06254101.html,HOODED KNIT SWEATSHIRT Details,49.90 USD,Yellow1575157385-6024,https://www.zara.com/us/en/woman-knitwear-l1152.html?v1=1281621,SPARKLY KNIT BLOUSE,https://www.zara.com/us/en/sparkly-knit-blouse-p01822115.html,SPARKLY KNIT BLOUSE Details,49.90 USD,Light Blue1575157762-6206,https://www.zara.com/us/en/woman-knitwear-l1152.html?v1=1281621,RIBBED KNIT DRESS,https://www.zara.com/us/en/ribbed-knit-dress-p02142129.html,RIBBED KNIT DRESS Details,69.90 USD,Maroon1575157841-6244,https://www.zara.com/us/en/woman-knitwear-l1152.html?v1=1281621,POINTELLE SWEATER,https://www.zara.com/us/en/pointelle-sweater-p01822119.html,POINTELLE SWEATER Details,39.90 USD,Black1575157520-6089,https://www.zara.com/us/en/woman-knitwear-l1152.html?v1=1281621,WOOL BLEND OVERSIZED DRESS,https://www.zara.com/us/en/wool-blend-oversized-dress-p05755110.html,WOOL BLEND OVERSIZED DRESS Details,89.90 USD,Black1575157338-6002,https://www.zara.com/us/en/woman-knitwear-l1152.html?v1=1281621,OPENWORK KNIT VEST,https://www.zara.com/us/en/openwork-knit-vest-p05507105.html,OPENWORK KNIT VEST Details,35.90 USD,Ecru1575157704-6178,https://www.zara.com/us/en/woman-knitwear-l1152.html?v1=1281621,METALLIC LOOK DRESS,https://www.zara.com/us/en/metallic-look-dress-p06771119.html,METALLIC LOOK DRESS Details,49.90 USD,Black / Silver1575157239-5954,https://www.zara.com/us/en/woman-knitwear-l1152.html?v1=1281621,COMBINATION KNIT TOP,https://www.zara.com/us/en/combination-knit-top-p08146123.html,COMBINATION KNIT TOP Details,39.90 USD,Black1575157426-6044,https://www.zara.com/us/en/woman-knitwear-l1152.html?v1=1281621,MIDI SKIRT WITH BUTTONS,https://www.zara.com/us/en/midi-skirt-with-buttons-p03519104.html,MIDI SKIRT WITH BUTTONS Details,39.90 USD,Black1575158155-6396,https://www.zara.com/us/en/woman-knitwear-l1152.html?v1=1281621,MOCK NECK SWEATER,https://www.zara.com/us/en/mock-neck-sweater-p01509100.html,MOCK NECK SWEATER Details,25.90 USD,Striped1575157888-6267,https://www.zara.com/us/en/woman-knitwear-l1152.html?v1=1281621,ALPACA AND WOOL BLEND SWEATER,https://www.zara.com/us/en/alpaca-and-wool-blend-sweater-p02142136.html,ALPACA AND WOOL BLEND SWEATER Details,69.90 USD,Brown / Taupe1575157483-6071,https://www.zara.com/us/en/woman-knitwear-l1152.html?v1=1281621,TURTLENECK SWEATER,https://www.zara.com/us/en/turtleneck-sweater-p05536111.html,TURTLENECK SWEATER Details,39.90 USD,Gray1575158075-6357,https://www.zara.com/us/en/woman-knitwear-l1152.html?v1=1281621,COLOR BLOCK SWEATER,https://www.zara.com/us/en/color-block-sweater-p03519117.html,COLOR BLOCK SWEATER Details,29.90 USD,Burgundy1575158130-6384,https://www.zara.com/us/en/woman-knitwear-l1152.html?v1=1281621,DRESS WITH METALLIC THREAD,https://www.zara.com/us/en/dress-with-metallic-thread-p09874119.html,DRESS WITH METALLIC THREAD Details,69.90 USD,Black1575157297-5982,https://www.zara.com/us/en/woman-knitwear-l1152.html?v1=1281621,SEMI-SHEER RUFFLED TOP,https://www.zara.com/us/en/semi-sheer-ruffled-top-p09853100.html,SEMI-SHEER RUFFLED TOP Details,39.90 USD,Black1575157422-6042,https://www.zara.com/us/en/woman-knitwear-l1152.html?v1=1281621,PANTS WITH CONTRASTING PIPING,https://www.zara.com/us/en/pants-with-contrasting-piping-p06254122.html,PANTS WITH CONTRASTING PIPING Details,49.90 USD,Black1575158097-6368,https://www.zara.com/us/en/woman-knitwear-l1152.html?v1=1281621,TURTLENECK SWEATER,https://www.zara.com/us/en/turtleneck-sweater-p03597104.html,TURTLENECK SWEATER Details,49.90 USD,Ecru1575157847-6247,https://www.zara.com/us/en/woman-knitwear-l1152.html?v1=1281621,BUTTONED SHEATH DRESS,https://www.zara.com/us/en/buttoned-sheath-dress-p03519107.html,BUTTONED SHEATH DRESS Details,49.90 USD,Ecru1575157673-6163,https://www.zara.com/us/en/woman-knitwear-l1152.html?v1=1281621,JEWEL APPLIQUíŠ JACKET,https://www.zara.com/us/en/jewel-appliqu%C3%A9-jacket-p06873124.html,JEWEL APPLIQUíŠ JACKET Details,49.90 USD,Burgundy1575157690-6171,https://www.zara.com/us/en/woman-knitwear-l1152.html?v1=1281621,KNIT DRESS WITH PEARLS,https://www.zara.com/us/en/knit-dress-with-pearls-p04369104.html,KNIT DRESS WITH PEARLS Details,69.90 USD,Black1575157710-6181,https://www.zara.com/us/en/woman-knitwear-l1152.html?v1=1281621,LONG KNIT DRESS,https://www.zara.com/us/en/long-knit-dress-p06873117.html,LONG KNIT DRESS Details,49.90 USD,Gray marl1575158008-6325,https://www.zara.com/us/en/woman-knitwear-l1152.html?v1=1281621,BUTTON SLEEVE TEXTURED SWEATER,https://www.zara.com/us/en/button-sleeve-textured-sweater-p06254116.html,BUTTON SLEEVE TEXTURED SWEATER Details,35.90 USD,Camel1575158027-6334,https://www.zara.com/us/en/woman-knitwear-l1152.html?v1=1281621,ORGANZA SLEEVE SWEATER,https://www.zara.com/us/en/organza-sleeve-sweater-p02142142.html,ORGANZA SLEEVE SWEATER Details,39.90 USD,Black1575157857-6252,https://www.zara.com/us/en/woman-knitwear-l1152.html?v1=1281621,SEQUINED VELVET DRESS,https://www.zara.com/us/en/sequined-velvet-dress-p02488146.html,SEQUINED VELVET DRESS Details,89.90 USD,Black1575157878-6262,https://www.zara.com/us/en/woman-knitwear-l1152.html?v1=1281621,TWEED COAT WITH POCKETS,https://www.zara.com/us/en/tweed-coat-with-pockets-p06873133.html,TWEED COAT WITH POCKETS Details,89.90 USD,Black1575157580-6118,https://www.zara.com/us/en/woman-knitwear-l1152.html?v1=1281621,BALLOON SLEEVE SWEATER,https://www.zara.com/us/en/balloon-sleeve-sweater-p08146116.html,BALLOON SLEEVE SWEATER Details,39.90 USD,Black1575157965-6304,https://www.zara.com/us/en/woman-knitwear-l1152.html?v1=1281621,KNIT JACQUARD CARDIGAN,https://www.zara.com/us/en/knit-jacquard-cardigan-p01822129.html,KNIT JACQUARD CARDIGAN Details,89.90 USD,Brick1575157756-6203,https://www.zara.com/us/en/woman-knitwear-l1152.html?v1=1281621,ALPACA AND WOOL BLEND RIPPED SWEATER,https://www.zara.com/us/en/alpaca-and-wool-blend-ripped-sweater-p05755119.html,ALPACA AND WOOL BLEND RIPPED SWEATER Details,39.90 USD,White1575157276-5972,https://www.zara.com/us/en/woman-knitwear-l1152.html?v1=1281621,CUT OUT TOP,https://www.zara.com/us/en/cut-out-top-p00304100.html,CUT OUT TOP Details,35.90 USD,Black1575157424-6043,https://www.zara.com/us/en/woman-knitwear-l1152.html?v1=1281621,KNIT TOP WITH CONTRASTING SEAMS,https://www.zara.com/us/en/knit-top-with-contrasting-seams-p06254121.html,KNIT TOP WITH CONTRASTING SEAMS Details,35.90 USD,Ecru1575157491-6075,https://www.zara.com/us/en/woman-knitwear-l1152.html?v1=1281621,KNIT JACKET WITH BUTTONS,https://www.zara.com/us/en/knit-jacket-with-buttons-p09598167.html,KNIT JACKET WITH BUTTONS Details,39.90 USD,Black1575157776-6213,https://www.zara.com/us/en/woman-knitwear-l1152.html?v1=1281621,A-LINE MIDI DRESS,https://www.zara.com/us/en/a-line-midi-dress-p06873127.html,A-LINE MIDI DRESS Details,69.90 USD,Brown / Taupe1575157250-5959,https://www.zara.com/us/en/woman-knitwear-l1152.html?v1=1281621,ASYMMETRICAL SLIP DRESS,https://www.zara.com/us/en/asymmetrical-slip-dress-p06873104.html,ASYMMETRICAL SLIP DRESS Details,49.90 USD,Red1575157373-6018,https://www.zara.com/us/en/woman-knitwear-l1152.html?v1=1281621,LONG KNIT JACKET,https://www.zara.com/us/en/long-knit-jacket-p01509106.html,LONG KNIT JACKET Details,49.90 USD,Dark khaki1575158153-6395,https://www.zara.com/us/en/woman-knitwear-l1152.html?v1=1281621,RUFFLE SLEEVE TOP,https://www.zara.com/us/en/ruffle-sleeve-top-p02488132.html,RUFFLE SLEEVE TOP Details,39.90 USD,Black1575157287-5977,https://www.zara.com/us/en/woman-knitwear-l1152.html?v1=1281621,BASIC SHORT SLEEVED SWEATER,https://www.zara.com/us/en/basic-short-sleeved-sweater-p05646005.html,BASIC SHORT SLEEVED SWEATER Details,29.90 USD,Sand1575157340-6003,https://www.zara.com/us/en/woman-knitwear-l1152.html?v1=1281621,RUFFLED KNIT TOP,https://www.zara.com/us/en/ruffled-knit-top-p04331108.html,RUFFLED KNIT TOP Details,39.90 USD,Ecru1575158046-6343,https://www.zara.com/us/en/woman-knitwear-l1152.html?v1=1281621,MOHAIR AND WOOL BLEND SWEATER,https://www.zara.com/us/en/mohair-and-wool-blend-sweater-p09598185.html,MOHAIR AND WOOL BLEND SWEATER Details,89.90 USD,only one1575157975-6309,https://www.zara.com/us/en/woman-knitwear-l1152.html?v1=1281621,BOW TUNIC DRESS,https://www.zara.com/us/en/bow-tunic-dress-p01822122.html,BOW TUNIC DRESS Details,69.90 USD,Navy blue1575157537-6097,https://www.zara.com/us/en/woman-knitwear-l1152.html?v1=1281621,V-NECK SWEATER,https://www.zara.com/us/en/v-neck-sweater-p05536122.html,V-NECK SWEATER Details,39.90 USD,Ecru1575157963-6303,https://www.zara.com/us/en/woman-knitwear-l1152.html?v1=1281621,KNIT PONCHO,https://www.zara.com/us/en/knit-poncho-p09874109.html,KNIT PONCHO Details,69.90 USD,Ecru1575157593-6124,https://www.zara.com/us/en/woman-knitwear-l1152.html?v1=1281621,MOHAIR AND WOOL BLEND JACKET,https://www.zara.com/us/en/mohair-and-wool-blend-jacket-p09598142.html,MOHAIR AND WOOL BLEND JACKET Details,119.00 USD,Printed1575157659-6156,https://www.zara.com/us/en/woman-knitwear-l1152.html?v1=1281621,CABLE KNIT SWEATER,https://www.zara.com/us/en/cable-knit-sweater-p08146120.html,CABLE KNIT SWEATER Details,49.90 USD,Gray1575157860-6253,https://www.zara.com/us/en/woman-knitwear-l1152.html?v1=1281621,KNIT SWEATER WITH APPLIQUíŠ,https://www.zara.com/us/en/knit-sweater-with-appliqu%C3%A9-p09598173.html,KNIT SWEATER WITH APPLIQUíŠ Details,69.90 USD,Black1575157677-6165,https://www.zara.com/us/en/woman-knitwear-l1152.html?v1=1281621,KNIT DRESS WITH BUTTONS,https://www.zara.com/us/en/knit-dress-with-buttons-p09874104.html,KNIT DRESS WITH BUTTONS Details,89.90 USD,Burgundy1575157665-6159,https://www.zara.com/us/en/woman-knitwear-l1152.html?v1=1281621,SOFT FEEL SWEATER,https://www.zara.com/us/en/soft-feel-sweater-p04609100.html,SOFT FEEL SWEATER Details,49.90 USD,Dark gray1575157855-6251,https://www.zara.com/us/en/woman-knitwear-l1152.html?v1=1281621,BEADED KNIT CARDIGAN,https://www.zara.com/us/en/beaded-knit-cardigan-p03653111.html,BEADED KNIT CARDIGAN Details,49.90 USD,Gray1575157874-6260,https://www.zara.com/us/en/woman-knitwear-l1152.html?v1=1281621,CABLE KNIT SWEATER,https://www.zara.com/us/en/cable-knit-sweater-p09598177.html,CABLE KNIT SWEATER Details,49.90 USD,Light Blue1575157264-5966,https://www.zara.com/us/en/woman-knitwear-l1152.html?v1=1281621,BLOCK COLOR KNIT SWEATER,https://www.zara.com/us/en/block-color-knit-sweater-p06873102.html,BLOCK COLOR KNIT SWEATER Details,39.90 USD,only one1575158132-6385,https://www.zara.com/us/en/woman-knitwear-l1152.html?v1=1281621,RIBBED BODYSUIT WITH TULLE SLEEVES,https://www.zara.com/us/en/ribbed-bodysuit-with-tulle-sleeves-p05507110.html,RIBBED BODYSUIT WITH TULLE SLEEVES Details,49.90 USD,Black1575157669-6161,https://www.zara.com/us/en/woman-knitwear-l1152.html?v1=1281621,SWEATER WITH TIES,https://www.zara.com/us/en/sweater-with-ties-p03653106.html,SWEATER WITH TIES Details,49.90 USD,Black1575157783-6216,https://www.zara.com/us/en/woman-knitwear-l1152.html?v1=1281621,JACQUARD SWEATER WITH VOLUMINOUS SLEEVES,https://www.zara.com/us/en/jacquard-sweater-with-voluminous-sleeves-p00021111.html,JACQUARD SWEATER WITH VOLUMINOUS SLEEVES Details,69.90 USD,Multicolored1575157667-6160,https://www.zara.com/us/en/woman-knitwear-l1152.html?v1=1281621,SOFT FEEL SKIRT,https://www.zara.com/us/en/soft-feel-skirt-p04609104.html,SOFT FEEL SKIRT Details,39.90 USD,Dark gray1575157223-5946,https://www.zara.com/us/en/woman-knitwear-l1152.html?v1=1281621,RUFFLED KNIT DRESS,https://www.zara.com/us/en/ruffled-knit-dress-p04369103.html,RUFFLED KNIT DRESS Details,null,Red1575157917-6281,https://www.zara.com/us/en/woman-knitwear-l1152.html?v1=1281621,SPECIAL EDITION CROCHETED SCARF,https://www.zara.com/us/en/special-edition-crocheted-scarf-p00021112.html,SPECIAL EDITION CROCHETED SCARF Details,89.90 USD,Black1575157543-6100,https://www.zara.com/us/en/woman-knitwear-l1152.html?v1=1281621,BASIC SWEATER,https://www.zara.com/us/en/basic-sweater-p01509015.html,BASIC SWEATER Details,19.90 USD,Black / White1575157560-6108,https://www.zara.com/us/en/woman-knitwear-l1152.html?v1=1281621,MINI DRESS WITH BUTTONS,https://www.zara.com/us/en/mini-dress-with-buttons-p02298102.html,MINI DRESS WITH BUTTONS Details,39.90 USD,Black1575158031-6336,https://www.zara.com/us/en/woman-knitwear-l1152.html?v1=1281621,SEQUIN DRESS,https://www.zara.com/us/en/sequin-dress-p02488144.html,SEQUIN DRESS Details,149.00 USD,Black1575157589-6122,https://www.zara.com/us/en/woman-knitwear-l1152.html?v1=1281621,RUFFLED ARGYLE SWEATER,https://www.zara.com/us/en/ruffled-argyle-sweater-p03597101.html,RUFFLED ARGYLE SWEATER Details,49.90 USD,Gray1575157725-6188,https://www.zara.com/us/en/woman-knitwear-l1152.html?v1=1281621,OVERSIZED WOOL SWEATER,https://www.zara.com/us/en/oversized-wool-sweater-p01509117.html,OVERSIZED WOOL SWEATER Details,129.00 USD,Stone1575157793-6221,https://www.zara.com/us/en/woman-knitwear-l1152.html?v1=1281621,SCALLOPED STRAP TANK TOP,https://www.zara.com/us/en/scalloped-strap-tank-top-p06771104.html,SCALLOPED STRAP TANK TOP Details,25.90 USD,Black1575157299-5983,https://www.zara.com/us/en/woman-knitwear-l1152.html?v1=1281621,ORGANZA JACKET WITH VOLUMINOUS SLEEVES,https://www.zara.com/us/en/organza-jacket-with-voluminous-sleeves-p02488131.html,ORGANZA JACKET WITH VOLUMINOUS SLEEVES Details,39.90 USD,Black1575157642-6148,https://www.zara.com/us/en/woman-knitwear-l1152.html?v1=1281621,WOOL AND MOHAIR BLEND JACKET,https://www.zara.com/us/en/wool-and-mohair-blend-jacket-p05802117.html,WOOL AND MOHAIR BLEND JACKET Details,49.90 USD,Green1575157578-6117,https://www.zara.com/us/en/woman-knitwear-l1152.html?v1=1281621,KNIT SWEATER WITH PEARLS,https://www.zara.com/us/en/knit-sweater-with-pearls-p09598157.html,KNIT SWEATER WITH PEARLS Details,49.90 USD,Ecru1575157702-6177,https://www.zara.com/us/en/woman-knitwear-l1152.html?v1=1281621,SPARKLY SLEEVE SWEATER,https://www.zara.com/us/en/sparkly-sleeve-sweater-p03859109.html,SPARKLY SLEEVE SWEATER Details,49.90 USD,Black1575158048-6344,https://www.zara.com/us/en/woman-knitwear-l1152.html?v1=1281621,WOOL BLEND HIGH COLLAR SWEATER,https://www.zara.com/us/en/wool-blend-high-collar-sweater-p06771141.html,WOOL BLEND HIGH COLLAR SWEATER Details,69.90 USD,Blue1575158072-6356,https://www.zara.com/us/en/woman-knitwear-l1152.html?v1=1281621,BUTTONED WOOL VEST,https://www.zara.com/us/en/buttoned-wool-vest-p04978102.html,BUTTONED WOOL VEST Details,89.90 USD,Sand / Marl1575157696-6174,https://www.zara.com/us/en/woman-knitwear-l1152.html?v1=1281621,DOTTED MESH ORGANZA SWEATER,https://www.zara.com/us/en/dotted-mesh-organza-sweater-p02488142.html,DOTTED MESH ORGANZA SWEATER Details,39.90 USD,Navy blue1575157350-6007,https://www.zara.com/us/en/woman-knitwear-l1152.html?v1=1281621,SWEATER WITH TIES,https://www.zara.com/us/en/sweater-with-ties-p06693003.html,SWEATER WITH TIES Details,49.90 USD,Ecru1575157274-5971,https://www.zara.com/us/en/woman-knitwear-l1152.html?v1=1281621,PRINTED KNIT TOP,https://www.zara.com/us/en/printed-knit-top-p06771027.html,PRINTED KNIT TOP Details,35.90 USD,Multicolored1575157332-5999,https://www.zara.com/us/en/woman-knitwear-l1152.html?v1=1281621,KNIT HALTER TOP,https://www.zara.com/us/en/knit-halter-top-p02142113.html,KNIT HALTER TOP Details,29.90 USD,Sand1575157312-5989,https://www.zara.com/us/en/woman-knitwear-l1152.html?v1=1281621,KNIT JUMPSUIT,https://www.zara.com/us/en/knit-jumpsuit-p02142014.html,KNIT JUMPSUIT Details,49.90 USD,Black1575157219-5944,https://www.zara.com/us/en/woman-knitwear-l1152.html?v1=1281621,SWEATER WITH CONTRASTING POCKETS,https://www.zara.com/us/en/sweater-with-contrasting-pockets-p06873128.html,SWEATER WITH CONTRASTING POCKETS Details,49.90 USD,navy1575157227-5948,https://www.zara.com/us/en/woman-knitwear-l1152.html?v1=1281621,CROPPED KNIT TOP,https://www.zara.com/us/en/cropped-knit-top-p04369101.html,CROPPED KNIT TOP Details,29.90 USD,Black1575157354-6009,https://www.zara.com/us/en/woman-knitwear-l1152.html?v1=1281621,KNIT WRAP JUMPSUIT,https://www.zara.com/us/en/knit-wrap-jumpsuit-p09874100.html,KNIT WRAP JUMPSUIT Details,69.90 USD,Ink blue1575157938-6291,https://www.zara.com/us/en/woman-knitwear-l1152.html?v1=1281621,CROPPED KNIT SWEATER,https://www.zara.com/us/en/cropped-knit-sweater-p01509101.html,CROPPED KNIT SWEATER Details,19.90 USD,Neon yellow1575157994-6318,https://www.zara.com/us/en/woman-knitwear-l1152.html?v1=1281621,LIMITED EDITION SEQUIN DRESS,https://www.zara.com/us/en/limited-edition-sequin-dress-p03534007.html,LIMITED EDITION SEQUIN DRESS Details,89.90 USD,Black1575157479-6069,https://www.zara.com/us/en/woman-knitwear-l1152.html?v1=1281621,CROCHET KNIT TOP,https://www.zara.com/us/en/crochet-knit-top-p02142117.html,CROCHET KNIT TOP Details,69.90 USD,Clay1575158000-6321,https://www.zara.com/us/en/woman-knitwear-l1152.html?v1=1281621,TEXTURED RUFFLED TOP,https://www.zara.com/us/en/textured-ruffled-top-p02142131.html,TEXTURED RUFFLED TOP Details,69.90 USD,taupe brown1575157714-6183,https://www.zara.com/us/en/woman-knitwear-l1152.html?v1=1281621,MERINO WOOL SWEATER,https://www.zara.com/us/en/merino-wool-sweater-p05755103.html,MERINO WOOL SWEATER Details,69.90 USD,Camel1575157458-6059,https://www.zara.com/us/en/woman-knitwear-l1152.html?v1=1281621,RUFFLED KNIT DRESS,https://www.zara.com/us/en/ruffled-knit-dress-p02142108.html,RUFFLED KNIT DRESS Details,49.90 USD,Black1575157661-6157,https://www.zara.com/us/en/woman-knitwear-l1152.html?v1=1281621,OVERSIZED CABLE KNIT SWEATER,https://www.zara.com/us/en/oversized-cable-knit-sweater-p09449108.html,OVERSIZED CABLE KNIT SWEATER Details,89.90 USD,Ecru1575158145-6391,https://www.zara.com/us/en/woman-knitwear-l1152.html?v1=1281621,SWEATER WITH POMPOMS AND RUFFLES,https://www.zara.com/us/en/sweater-with-pompoms-and-ruffles-p08146125.html,SWEATER WITH POMPOMS AND RUFFLES Details,49.90 USD,Blue1575157646-6150,https://www.zara.com/us/en/woman-knitwear-l1152.html?v1=1281621,FULL CUT CABLE KNIT VEST,https://www.zara.com/us/en/full-cut-cable-knit-vest-p08146121.html,FULL CUT CABLE KNIT VEST Details,49.90 USD,Ecru1575157603-6129,https://www.zara.com/us/en/woman-knitwear-l1152.html?v1=1281621,RIBBED MIDI DRESS,https://www.zara.com/us/en/ribbed-midi-dress-p02298104.html,RIBBED MIDI DRESS Details,49.90 USD,Black1575158101-6370,https://www.zara.com/us/en/woman-knitwear-l1152.html?v1=1281621,KNIT JOGGING PANTS,https://www.zara.com/us/en/knit-jogging-pants-p09598180.html,KNIT JOGGING PANTS Details,39.90 USD,Mid-gray1575157833-6240,https://www.zara.com/us/en/woman-knitwear-l1152.html?v1=1281621,COLORBLOCK SWEATER,https://www.zara.com/us/en/colorblock-sweater-p01822131.html,COLORBLOCK SWEATER Details,39.90 USD,only one1575158052-6346,https://www.zara.com/us/en/woman-knitwear-l1152.html?v1=1281621,BASIC LONG SLEEVE SWEATER,https://www.zara.com/us/en/basic-long-sleeve-sweater-p05646121.html,BASIC LONG SLEEVE SWEATER Details,35.90 USD,Burgundy1575157356-6010,https://www.zara.com/us/en/woman-knitwear-l1152.html?v1=1281621,CROSSED DRESS,https://www.zara.com/us/en/crossed-dress-p04331102.html,CROSSED DRESS Details,69.90 USD,Lilac1575157951-6297,https://www.zara.com/us/en/woman-knitwear-l1152.html?v1=1281621,OVERSIZED PLAID SWEATSHIRT,https://www.zara.com/us/en/oversized-plaid-sweatshirt-p05755137.html,OVERSIZED PLAID SWEATSHIRT Details,69.90 USD,Red / Black1575157295-5981,https://www.zara.com/us/en/woman-knitwear-l1152.html?v1=1281621,TEXTURED WEAVE JACKET,https://www.zara.com/us/en/textured-weave-jacket-p09598025.html,TEXTURED WEAVE JACKET Details,39.90 USD,Orange1575157743-6197,https://www.zara.com/us/en/woman-knitwear-l1152.html?v1=1281621,RUFFLED TULLE DRESS,https://www.zara.com/us/en/ruffled-tulle-dress-p05507112.html,RUFFLED TULLE DRESS Details,49.90 USD,Burgundy1575157309-5988,https://www.zara.com/us/en/woman-knitwear-l1152.html?v1=1281621,RUFFLED CROPPED SWEATER,https://www.zara.com/us/en/ruffled-cropped-sweater-p09325100.html,RUFFLED CROPPED SWEATER Details,39.90 USD,Blue1575157648-6151,https://www.zara.com/us/en/woman-knitwear-l1152.html?v1=1281621,SWEATER WITH PEARLS,https://www.zara.com/us/en/sweater-with-pearls-p09598172.html,SWEATER WITH PEARLS Details,49.90 USD,Gray1575157671-6162,https://www.zara.com/us/en/woman-knitwear-l1152.html?v1=1281621,KNIT JACKET WITH BUTTONS,https://www.zara.com/us/en/knit-jacket-with-buttons-p02142102.html,KNIT JACKET WITH BUTTONS Details,39.90 USD,Burgundy1575157387-6025,https://www.zara.com/us/en/woman-knitwear-l1152.html?v1=1281621,SPARKLY KNIT SKIRT,https://www.zara.com/us/en/sparkly-knit-skirt-p01822121.html,SPARKLY KNIT SKIRT Details,49.90 USD,Light Blue1575157785-6217,https://www.zara.com/us/en/woman-knitwear-l1152.html?v1=1281621,LIMITED EDITION JACQUARD SWEATER,https://www.zara.com/us/en/limited-edition-jacquard-sweater-p00021103.html,LIMITED EDITION JACQUARD SWEATER Details,119.00 USD,Black gold1575157495-6077,https://www.zara.com/us/en/woman-knitwear-l1152.html?v1=1281621,TURTLENECK SWEATER,https://www.zara.com/us/en/turtleneck-sweater-p02893101.html,TURTLENECK SWEATER Details,35.90 USD,Anthracite grey1575158044-6342,https://www.zara.com/us/en/woman-knitwear-l1152.html?v1=1281621,CONTRASTING POCKET CARDIGAN,https://www.zara.com/us/en/contrasting-pocket-cardigan-p06873137.html,CONTRASTING POCKET CARDIGAN Details,69.90 USD,Khaki1575157518-6088,https://www.zara.com/us/en/woman-knitwear-l1152.html?v1=1281621,WOOL BLEND OVERSIZED SWEATER,https://www.zara.com/us/en/wool-blend-oversized-sweater-p05755109.html,WOOL BLEND OVERSIZED SWEATER Details,69.90 USD,Dark khaki1575157506-6082,https://www.zara.com/us/en/woman-knitwear-l1152.html?v1=1281621,RUFFLED DRESS,https://www.zara.com/us/en/ruffled-dress-p04331125.html,RUFFLED DRESS Details,69.90 USD,Black1575157454-6057,https://www.zara.com/us/en/woman-knitwear-l1152.html?v1=1281621,METAL APPLIQUíŠ SWEATER,https://www.zara.com/us/en/metal-appliqu%C3%A9-sweater-p09598166.html,METAL APPLIQUíŠ SWEATER Details,39.90 USD,Black1575157252-5960,https://www.zara.com/us/en/woman-knitwear-l1152.html?v1=1281621,TURTLENECK SWEATER,https://www.zara.com/us/en/turtleneck-sweater-p05755113.html,TURTLENECK SWEATER Details,39.90 USD,Olive green1575157289-5978,https://www.zara.com/us/en/woman-knitwear-l1152.html?v1=1281621,CDT/SWTR 03,https://www.zara.com/us/en/cdt-swtr-03-p04566192.html,CDT/SWTR 03 Details,99.90 USD,Khaki1575157655-6154,https://www.zara.com/us/en/woman-knitwear-l1152.html?v1=1281621,RIBBED DRESS WITH CABLE KNIT DETAIL,https://www.zara.com/us/en/ribbed-dress-with-cable-knit-detail-p06873125.html,RIBBED DRESS WITH CABLE KNIT DETAIL Details,49.90 USD,Ecru1575157466-6063,https://www.zara.com/us/en/woman-knitwear-l1152.html?v1=1281621,BASIC LONG SLEEVE TOP,https://www.zara.com/us/en/basic-long-sleeve-top-p05536118.html,BASIC LONG SLEEVE TOP Details,35.90 USD,beige-pink1575157343-6004,https://www.zara.com/us/en/woman-knitwear-l1152.html?v1=1281621,RUFFLED KNIT PANTS,https://www.zara.com/us/en/ruffled-knit-pants-p04331107.html,RUFFLED KNIT PANTS Details,69.90 USD,Ecru1575157283-5975,https://www.zara.com/us/en/woman-knitwear-l1152.html?v1=1281621,,https://www.zara.com/us/en/-pT5536107800.html,,35.90 USD,null1575157969-6306,https://www.zara.com/us/en/woman-knitwear-l1152.html?v1=1281621,KNIT CROP TOP,https://www.zara.com/us/en/knit-crop-top-p05536110.html,KNIT CROP TOP Details,19.90 USD,Black1575157558-6107,https://www.zara.com/us/en/woman-knitwear-l1152.html?v1=1281621,FAUX FUR SWEATER,https://www.zara.com/us/en/faux-fur-sweater-p09598110.html,FAUX FUR SWEATER Details,39.90 USD,Bluish1575157450-6055,https://www.zara.com/us/en/woman-knitwear-l1152.html?v1=1281621,VELVET BOW SWEATER,https://www.zara.com/us/en/velvet-bow-sweater-p09598170.html,VELVET BOW SWEATER Details,39.90 USD,Ecru1575158037-6339,https://www.zara.com/us/en/woman-knitwear-l1152.html?v1=1281621,COMBINATION POCKET SWEATER,https://www.zara.com/us/en/combination-pocket-sweater-p06873129.html,COMBINATION POCKET SWEATER Details,49.90 USD,Khaki1575157475-6067,https://www.zara.com/us/en/woman-knitwear-l1152.html?v1=1281621,PUFF SLEEVED SWEATER,https://www.zara.com/us/en/puff-sleeved-sweater-p09874106.html,PUFF SLEEVED SWEATER Details,39.90 USD,Green1575157988-6315,https://www.zara.com/us/en/woman-knitwear-l1152.html?v1=1281621,RIBBED TURTLENECK SWEATER,https://www.zara.com/us/en/ribbed-turtleneck-sweater-p03471114.html,RIBBED TURTLENECK SWEATER Details,29.90 USD,Light Blue1575157410-6036,https://www.zara.com/us/en/woman-knitwear-l1152.html?v1=1281621,KNIT CROP TOP,https://www.zara.com/us/en/knit-crop-top-p04762101.html,KNIT CROP TOP Details,35.90 USD,Ecru1575157805-6227,https://www.zara.com/us/en/woman-knitwear-l1152.html?v1=1281621,SWEATER WITH TIE DETAIL,https://www.zara.com/us/en/sweater-with-tie-detail-p07451100.html,SWEATER WITH TIE DETAIL Details,49.90 USD,Light Blue1575157737-6194,https://www.zara.com/us/en/woman-knitwear-l1152.html?v1=1281621,NEON MOCK NECK SWEATER,https://www.zara.com/us/en/neon-mock-neck-sweater-p06771124.html,NEON MOCK NECK SWEATER Details,29.90 USD,Neon pink1575157516-6087,https://www.zara.com/us/en/woman-knitwear-l1152.html?v1=1281621,TEXTURED WEAVE JACKET WITH JEWEL BUTTON,https://www.zara.com/us/en/textured-weave-jacket-with-jewel-button-p06254115.html,TEXTURED WEAVE JACKET WITH JEWEL BUTTON Details,39.90 USD,Black1575157632-6143,https://www.zara.com/us/en/woman-knitwear-l1152.html?v1=1281621,SOFT FEEL SWEATER,https://www.zara.com/us/en/soft-feel-sweater-p09598118.html,SOFT FEEL SWEATER Details,39.90 USD,Pink1575158002-6322,https://www.zara.com/us/en/woman-knitwear-l1152.html?v1=1281621,TEXTURED WEAVE TOP WITH VOLUMINOUS SLEEVES,https://www.zara.com/us/en/textured-weave-top-with-voluminous-sleeves-p02142114.html,TEXTURED WEAVE TOP WITH VOLUMINOUS SLEEVES Details,69.90 USD,Black1575157729-6190,https://www.zara.com/us/en/woman-knitwear-l1152.html?v1=1281621,PALAZZO PANTS,https://www.zara.com/us/en/palazzo-pants-p01303101.html,PALAZZO PANTS Details,69.90 USD,Beige1575158058-6349,https://www.zara.com/us/en/woman-knitwear-l1152.html?v1=1281621,WOVEN CABLE-KNIT VEST,https://www.zara.com/us/en/woven-cable-knit-vest-p05507108.html,WOVEN CABLE-KNIT VEST Details,49.90 USD,Khaki1575157921-6283,https://www.zara.com/us/en/woman-knitwear-l1152.html?v1=1281621,KNIT DRESS WITH LACE DETAIL,https://www.zara.com/us/en/knit-dress-with-lace-detail-p00014100.html,KNIT DRESS WITH LACE DETAIL Details,89.90 USD,Black1575157930-6287,https://www.zara.com/us/en/woman-knitwear-l1152.html?v1=1281621,SWEATER WITH TULLE,https://www.zara.com/us/en/sweater-with-tulle-p05755128.html,SWEATER WITH TULLE Details,49.90 USD,Taupe gray1575157262-5965,https://www.zara.com/us/en/woman-knitwear-l1152.html?v1=1281621,PRINTED SEQUIN SWEATER,https://www.zara.com/us/en/printed-sequin-sweater-p01822123.html,PRINTED SEQUIN SWEATER Details,49.90 USD,Green1575158093-6366,https://www.zara.com/us/en/woman-knitwear-l1152.html?v1=1281621,ELASTIC DETAIL MIDI DRESS,https://www.zara.com/us/en/elastic-detail-midi-dress-p09874108.html,ELASTIC DETAIL MIDI DRESS Details,49.90 USD,Black1575157638-6146,https://www.zara.com/us/en/woman-knitwear-l1152.html?v1=1281621,OVERSIZED V-NECK CASHMERE SWEATER,https://www.zara.com/us/en/oversized-v-neck-cashmere-sweater-p03887100.html,OVERSIZED V-NECK CASHMERE SWEATER Details,199.00 USD,Black1575157576-6116,https://www.zara.com/us/en/woman-knitwear-l1152.html?v1=1281621,MOHAIR AND WOOL BLEND SWEATER,https://www.zara.com/us/en/mohair-and-wool-blend-sweater-p09598141.html,MOHAIR AND WOOL BLEND SWEATER Details,89.90 USD,Printed1575157512-6085,https://www.zara.com/us/en/woman-knitwear-l1152.html?v1=1281621,WOOL BLEND HIGH COLLAR SWEATER,https://www.zara.com/us/en/wool-blend-high-collar-sweater-p05755108.html,WOOL BLEND HIGH COLLAR SWEATER Details,89.90 USD,Black1575157864-6255,https://www.zara.com/us/en/woman-knitwear-l1152.html?v1=1281621,RIBBED SKIRT,https://www.zara.com/us/en/ribbed-skirt-p03859118.html,RIBBED SKIRT Details,49.90 USD,Green1575157377-6020,https://www.zara.com/us/en/woman-knitwear-l1152.html?v1=1281621,POINTELLE KNIT DRESS,https://www.zara.com/us/en/pointelle-knit-dress-p06771121.html,POINTELLE KNIT DRESS Details,49.90 USD,White1575158025-6333,https://www.zara.com/us/en/woman-knitwear-l1152.html?v1=1281621,OFF-THE-SHOULDER DRESS,https://www.zara.com/us/en/off-the-shoulder-dress-p04369100.html,OFF-THE-SHOULDER DRESS Details,69.90 USD,Black1575157611-6133,https://www.zara.com/us/en/woman-knitwear-l1152.html?v1=1281621,MERINO WOOL SWEATER,https://www.zara.com/us/en/merino-wool-sweater-p05755102.html,MERINO WOOL SWEATER Details,69.90 USD,beige1575157508-6083,https://www.zara.com/us/en/woman-knitwear-l1152.html?v1=1281621,DRESS WITH SHOULDER DETAIL,https://www.zara.com/us/en/dress-with-shoulder-detail-p01822107.html,DRESS WITH SHOULDER DETAIL Details,49.90 USD,Black1575157882-6264,https://www.zara.com/us/en/woman-knitwear-l1152.html?v1=1281621,CASHMERE SWEATER,https://www.zara.com/us/en/cashmere-sweater-p00166101.html,CASHMERE SWEATER Details,249.00 USD,Dark gray1575157706-6179,https://www.zara.com/us/en/woman-knitwear-l1152.html?v1=1281621,KNIT DRESS WITH ORGANZA SLEEVES,https://www.zara.com/us/en/knit-dress-with-organza-sleeves-p02488137.html,KNIT DRESS WITH ORGANZA SLEEVES Details,69.90 USD,Black1575157905-6275,https://www.zara.com/us/en/woman-knitwear-l1152.html?v1=1281621,DRESS WITH MATCHING SWISS DOT,https://www.zara.com/us/en/dress-with-matching-swiss-dot-p02142146.html,DRESS WITH MATCHING SWISS DOT Details,49.90 USD,Black1575157322-5994,https://www.zara.com/us/en/woman-knitwear-l1152.html?v1=1281621,BELL SLEEVE TOP,https://www.zara.com/us/en/bell-sleeve-top-p01509032.html,BELL SLEEVE TOP Details,35.90 USD,White1575157500-6079,https://www.zara.com/us/en/woman-knitwear-l1152.html?v1=1281621,LACE TRIMMED SWEATER,https://www.zara.com/us/en/lace-trimmed-sweater-p02142134.html,LACE TRIMMED SWEATER Details,39.90 USD,Pale pink1575157866-6256,https://www.zara.com/us/en/woman-knitwear-l1152.html?v1=1281621,RIBBED KNIT SWEATER,https://www.zara.com/us/en/ribbed-knit-sweater-p03859117.html,RIBBED KNIT SWEATER Details,49.90 USD,Green1575157986-6314,https://www.zara.com/us/en/woman-knitwear-l1152.html?v1=1281621,KNIT SWEATER,https://www.zara.com/us/en/knit-sweater-p03653104.html,KNIT SWEATER Details,39.90 USD,Black1575158143-6390,https://www.zara.com/us/en/woman-knitwear-l1152.html?v1=1281621,MERINO WOOL DRESS,https://www.zara.com/us/en/merino-wool-dress-p05755122.html,MERINO WOOL DRESS Details,89.90 USD,Taupe gray1575158056-6348,https://www.zara.com/us/en/woman-knitwear-l1152.html?v1=1281621,CROCHETED DETAIL SWEATER,https://www.zara.com/us/en/crocheted-detail-sweater-p00021118.html,CROCHETED DETAIL SWEATER Details,89.90 USD,Ecru1575158136-6387,https://www.zara.com/us/en/woman-knitwear-l1152.html?v1=1281621,PURL KNIT SWEATER,https://www.zara.com/us/en/purl-knit-sweater-p05755135.html,PURL KNIT SWEATER Details,89.90 USD,Camel1575157430-6046,https://www.zara.com/us/en/woman-knitwear-l1152.html?v1=1281621,DRESS WITH METALLIC THREAD,https://www.zara.com/us/en/dress-with-metallic-thread-p03859114.html,DRESS WITH METALLIC THREAD Details,119.00 USD,Pink / Lilac1575157568-6112,https://www.zara.com/us/en/woman-knitwear-l1152.html?v1=1281621,CONTRASTING MOCK NECK SWEATER,https://www.zara.com/us/en/contrasting-mock-neck-sweater-p04331127.html,CONTRASTING MOCK NECK SWEATER Details,49.90 USD,Ecru1575157472-6066,https://www.zara.com/us/en/woman-knitwear-l1152.html?v1=1281621,TEXTURED RUFFLE DRESS,https://www.zara.com/us/en/textured-ruffle-dress-p02142133.html,TEXTURED RUFFLE DRESS Details,149.00 USD,Black1575157754-6202,https://www.zara.com/us/en/woman-knitwear-l1152.html?v1=1281621,WOOL BLEND SQUARE CUT SWEATER,https://www.zara.com/us/en/wool-blend-square-cut-sweater-p06771138.html,WOOL BLEND SQUARE CUT SWEATER Details,119.00 USD,Sand / Marl1575157439-6050,https://www.zara.com/us/en/woman-knitwear-l1152.html?v1=1281621,SPARKLY KNIT TOP,https://www.zara.com/us/en/sparkly-knit-top-p08146115.html,SPARKLY KNIT TOP Details,35.90 USD,Black1575157260-5964,https://www.zara.com/us/en/woman-knitwear-l1152.html?v1=1281621,PRINT DRESS WITH SEQUINS,https://www.zara.com/us/en/print-dress-with-sequins-p04193102.html,PRINT DRESS WITH SEQUINS Details,89.90 USD,Gray green1575157650-6152,https://www.zara.com/us/en/woman-knitwear-l1152.html?v1=1281621,OVERSIZED PURL KNIT SWEATER,https://www.zara.com/us/en/oversized-purl-knit-sweater-p05755124.html,OVERSIZED PURL KNIT SWEATER Details,69.90 USD,Ecru1575157946-6295,https://www.zara.com/us/en/woman-knitwear-l1152.html?v1=1281621,RIBBED SWEATER WITH BUTTONS,https://www.zara.com/us/en/ribbed-sweater-with-buttons-p03519115.html,RIBBED SWEATER WITH BUTTONS Details,35.90 USD,Camel1575157535-6096,https://www.zara.com/us/en/woman-knitwear-l1152.html?v1=1281621,KNIT JOGGING PANTS,https://www.zara.com/us/en/knit-jogging-pants-p05536123.html,KNIT JOGGING PANTS Details,39.90 USD,Ecru1575157694-6173,https://www.zara.com/us/en/woman-knitwear-l1152.html?v1=1281621,CONTRASTING ORGANZA SWEATER,https://www.zara.com/us/en/contrasting-organza-sweater-p02488143.html,CONTRASTING ORGANZA SWEATER Details,39.90 USD,Burgundy1575157822-6235,https://www.zara.com/us/en/woman-knitwear-l1152.html?v1=1281621,BALLOON SLEEVE STRIPED SWEATER,https://www.zara.com/us/en/balloon-sleeve-striped-sweater-p04978104.html,BALLOON SLEEVE STRIPED SWEATER Details,35.90 USD,striped1575157582-6119,https://www.zara.com/us/en/woman-knitwear-l1152.html?v1=1281621,THE MINIMAL EDIT,https://www.zara.com/us/en/the-minimal-edit-pT5755108800.html,THE MINIMAL EDIT,89.90 USD,null1575157412-6037,https://www.zara.com/us/en/woman-knitwear-l1152.html?v1=1281621,KNIT POMPOM SWEATER,https://www.zara.com/us/en/knit-pompom-sweater-p00021101.html,KNIT POMPOM SWEATER Details,49.90 USD,Blue1575157868-6257,https://www.zara.com/us/en/woman-knitwear-l1152.html?v1=1281621,ALPACA AND WOOL BLEND SWEATER,https://www.zara.com/us/en/alpaca-and-wool-blend-sweater-p00837104.html,ALPACA AND WOOL BLEND SWEATER Details,69.90 USD,Pink1575158159-6398,https://www.zara.com/us/en/woman-knitwear-l1152.html?v1=1281621,RUFFLED OVERSIZED SWEATER,https://www.zara.com/us/en/ruffled-oversized-sweater-p05507107.html,RUFFLED OVERSIZED SWEATER Details,69.90 USD,Ecru1575157752-6201,https://www.zara.com/us/en/woman-knitwear-l1152.html?v1=1281621,WOOL BLEND WIDE LEG PANTS,https://www.zara.com/us/en/wool-blend-wide-leg-pants-p06771139.html,WOOL BLEND WIDE LEG PANTS Details,89.90 USD,Sand / Marl1575158108-6373,https://www.zara.com/us/en/woman-knitwear-l1152.html?v1=1281621,OVERSIZED SWEATER,https://www.zara.com/us/en/oversized-sweater-p06771101.html,OVERSIZED SWEATER Details,49.90 USD,Green / Blue1575157243-5956,https://www.zara.com/us/en/woman-knitwear-l1152.html?v1=1281621,RUFFLED GLITTER SWEATER,https://www.zara.com/us/en/ruffled-glitter-sweater-p09598194.html,RUFFLED GLITTER SWEATER Details,49.90 USD,Pink1575157824-6236,https://www.zara.com/us/en/woman-knitwear-l1152.html?v1=1281621,BASIC RIBBED SWEATER,https://www.zara.com/us/en/basic-ribbed-sweater-p02298100.html,BASIC RIBBED SWEATER Details,25.90 USD,Black1575157435-6048,https://www.zara.com/us/en/woman-knitwear-l1152.html?v1=1281621,OPENWORK KNIT SKIRT,https://www.zara.com/us/en/openwork-knit-skirt-p03500007.html,OPENWORK KNIT SKIRT Details,39.90 USD,Mustard1575157679-6166,https://www.zara.com/us/en/woman-knitwear-l1152.html?v1=1281621,DRESS WITH SIDE CUT OUTS,https://www.zara.com/us/en/dress-with-side-cut-outs-p01215100.html,DRESS WITH SIDE CUT OUTS Details,49.90 USD,Ecru1575158006-6324,https://www.zara.com/us/en/woman-knitwear-l1152.html?v1=1281621,PLAID KNIT SWEATER,https://www.zara.com/us/en/plaid-knit-sweater-p05755136.html,PLAID KNIT SWEATER Details,49.90 USD,Mustard1575157477-6068,https://www.zara.com/us/en/woman-knitwear-l1152.html?v1=1281621,METALLIC THREAD RUFFLED TOP,https://www.zara.com/us/en/metallic-thread-ruffled-top-p02488104.html,METALLIC THREAD RUFFLED TOP Details,35.90 USD,only one1575157772-6211,https://www.zara.com/us/en/woman-knitwear-l1152.html?v1=1281621,OVERSIZED CASHMERE SWEATER,https://www.zara.com/us/en/oversized-cashmere-sweater-p00166100.html,OVERSIZED CASHMERE SWEATER Details,169.00 USD,Black1575157791-6220,https://www.zara.com/us/en/woman-knitwear-l1152.html?v1=1281621,KNIT SWEATER WITH BEADING,https://www.zara.com/us/en/knit-sweater-with-beading-p05507102.html,KNIT SWEATER WITH BEADING Details,49.90 USD,Sand1575157493-6076,https://www.zara.com/us/en/woman-knitwear-l1152.html?v1=1281621,MOHAIR AND WOOL BLEND JACKET,https://www.zara.com/us/en/mohair-and-wool-blend-jacket-p05755116.html,MOHAIR AND WOOL BLEND JACKET Details,69.90 USD,Blue1575158013-6327,https://www.zara.com/us/en/woman-knitwear-l1152.html?v1=1281621,SPECIAL EDITION KNIT SWEATER,https://www.zara.com/us/en/special-edition-knit-sweater-p05755111.html,SPECIAL EDITION KNIT SWEATER Details,69.90 USD,Sand1575157586-6121,https://www.zara.com/us/en/woman-knitwear-l1152.html?v1=1281621,MERINO WOOL SWEATER,https://www.zara.com/us/en/merino-wool-sweater-p05755101.html,MERINO WOOL SWEATER Details,69.90 USD,Brown / Taupe1575158105-6372,https://www.zara.com/us/en/woman-knitwear-l1152.html?v1=1281621,WOOL BLEND OVERSIZED SWEATER,https://www.zara.com/us/en/wool-blend-oversized-sweater-p06771145.html,WOOL BLEND OVERSIZED SWEATER Details,49.90 USD,Green1575157998-6320,https://www.zara.com/us/en/woman-knitwear-l1152.html?v1=1281621,DRESS WITH CUT OUTS,https://www.zara.com/us/en/dress-with-cut-outs-p06873110.html,DRESS WITH CUT OUTS Details,69.90 USD,Black1575157967-6305,https://www.zara.com/us/en/woman-knitwear-l1152.html?v1=1281621,LONG KNIT COAT,https://www.zara.com/us/en/long-knit-coat-p09598175.html,LONG KNIT COAT Details,69.90 USD,Chalk pink1575158033-6337,https://www.zara.com/us/en/woman-knitwear-l1152.html?v1=1281621,SEQUIN SWEATER,https://www.zara.com/us/en/sequin-sweater-p00431104.html,SEQUIN SWEATER Details,119.00 USD,Black1575157640-6147,https://www.zara.com/us/en/woman-knitwear-l1152.html?v1=1281621,POCKET SWEATER,https://www.zara.com/us/en/pocket-sweater-p06873130.html,POCKET SWEATER Details,49.90 USD,Khaki1575157307-5987,https://www.zara.com/us/en/woman-knitwear-l1152.html?v1=1281621,MOHAIR AND WOOL BLEND SWEATER,https://www.zara.com/us/en/mohair-and-wool-blend-sweater-p09598126.html,MOHAIR AND WOOL BLEND SWEATER Details,89.90 USD,Light gray1575157936-6290,https://www.zara.com/us/en/woman-knitwear-l1152.html?v1=1281621,SOFT FEEL OVERSIZED SWEATER,https://www.zara.com/us/en/soft-feel-oversized-sweater-p06873106.html,SOFT FEEL OVERSIZED SWEATER Details,69.90 USD,Ecru1575158023-6332,https://www.zara.com/us/en/woman-knitwear-l1152.html?v1=1281621,DRESS WITH METALLIC THREAD,https://www.zara.com/us/en/dress-with-metallic-thread-p03390100.html,DRESS WITH METALLIC THREAD Details,49.90 USD,Anthracite grey1575157741-6196,https://www.zara.com/us/en/woman-knitwear-l1152.html?v1=1281621,RAISED DETAIL SWEATER,https://www.zara.com/us/en/raised-detail-sweater-p09598171.html,RAISED DETAIL SWEATER Details,49.90 USD,White1575157636-6145,https://www.zara.com/us/en/woman-knitwear-l1152.html?v1=1281621,PLAID MINI SKIRT,https://www.zara.com/us/en/plaid-mini-skirt-p06873115.html,PLAID MINI SKIRT Details,39.90 USD,Multicolored1575157551-6104,https://www.zara.com/us/en/woman-knitwear-l1152.html?v1=1281621,KNIT TOP WITH SLITS,https://www.zara.com/us/en/knit-top-with-slits-p03859108.html,KNIT TOP WITH SLITS Details,35.90 USD,Brick1575157626-6140,https://www.zara.com/us/en/woman-knitwear-l1152.html?v1=1281621,WOOL BLEND JACQUARD SWEATER,https://www.zara.com/us/en/wool-blend-jacquard-sweater-p05802114.html,WOOL BLEND JACQUARD SWEATER Details,39.90 USD,Brown1575157420-6041,https://www.zara.com/us/en/woman-knitwear-l1152.html?v1=1281621,SHOULDER DETAIL SWEATER,https://www.zara.com/us/en/shoulder-detail-sweater-p01822104.html,SHOULDER DETAIL SWEATER Details,49.90 USD,Sea green1575157814-6231,https://www.zara.com/us/en/woman-knitwear-l1152.html?v1=1281621,COMBINATION POINTELLE VEST,https://www.zara.com/us/en/combination-pointelle-vest-p04331129.html,COMBINATION POINTELLE VEST Details,39.90 USD,Ecru1575158019-6330,https://www.zara.com/us/en/woman-knitwear-l1152.html?v1=1281621,WOOL AND TENCELŒ¬ BLEND SWEATER,https://www.zara.com/us/en/wool-and-tencel%C2%AE-blend-sweater-p01509119.html,WOOL AND TENCELŒ¬ BLEND SWEATER Details,49.90 USD,Camel1575158083-6361,https://www.zara.com/us/en/woman-knitwear-l1152.html?v1=1281621,BALLOON SLEEVE KNIT DRESS,https://www.zara.com/us/en/balloon-sleeve-knit-dress-p04369106.html,BALLOON SLEEVE KNIT DRESS Details,69.90 USD,Pale pink1575157217-5943,https://www.zara.com/us/en/woman-knitwear-l1152.html?v1=1281621,KNIT TOP,https://www.zara.com/us/en/knit-top-p00014012.html,KNIT TOP Details,29.90 USD,Khaki1575157270-5969,https://www.zara.com/us/en/woman-knitwear-l1152.html?v1=1281621,BALLOON SLEEVE SWEATER,https://www.zara.com/us/en/balloon-sleeve-sweater-p03471112.html,BALLOON SLEEVE SWEATER Details,39.90 USD,Black1575157803-6226,https://www.zara.com/us/en/woman-knitwear-l1152.html?v1=1281621,LACE TRIMMED SWEATER,https://www.zara.com/us/en/lace-trimmed-sweater-p06771130.html,LACE TRIMMED SWEATER Details,49.90 USD,Ecru1575157268-5968,https://www.zara.com/us/en/woman-knitwear-l1152.html?v1=1281621,RUFFLED KNIT TOP,https://www.zara.com/us/en/ruffled-knit-top-p04331128.html,RUFFLED KNIT TOP Details,null,Black1575157934-6289,https://www.zara.com/us/en/woman-knitwear-l1152.html?v1=1281621,WOOL AND MOHAIR BLEND JACKET,https://www.zara.com/us/en/wool-and-mohair-blend-jacket-p09598183.html,WOOL AND MOHAIR BLEND JACKET Details,49.90 USD,Ecru1575157464-6062,https://www.zara.com/us/en/woman-knitwear-l1152.html?v1=1281621,METALLIC THREAD KNIT SKIRT,https://www.zara.com/us/en/metallic-thread-knit-skirt-p06254118.html,METALLIC THREAD KNIT SKIRT Details,35.90 USD,Black1575157870-6258,https://www.zara.com/us/en/woman-knitwear-l1152.html?v1=1281621,WOOL BLEND RUCHED DRESS,https://www.zara.com/us/en/wool-blend-ruched-dress-p03653112.html,WOOL BLEND RUCHED DRESS Details,49.90 USD,Mink1575158147-6392,https://www.zara.com/us/en/woman-knitwear-l1152.html?v1=1281621,SWEATER WITH TIES,https://www.zara.com/us/en/sweater-with-ties-p03653109.html,SWEATER WITH TIES Details,49.90 USD,beige1575157208-5939,https://www.zara.com/us/en/woman-knitwear-l1152.html?v1=1281621,CUT OUT SWEATER,https://www.zara.com/us/en/cut-out-sweater-p03471003.html,CUT OUT SWEATER Details,29.90 USD,Black1575157899-6272,https://www.zara.com/us/en/woman-knitwear-l1152.html?v1=1281621,RIBBED KNIT DRESS,https://www.zara.com/us/en/ribbed-knit-dress-p05507114.html,RIBBED KNIT DRESS Details,49.90 USD,Dark gray1575158015-6328,https://www.zara.com/us/en/woman-knitwear-l1152.html?v1=1281621,WOOL SWEATER,https://www.zara.com/us/en/wool-sweater-p05755107.html,WOOL SWEATER Details,119.00 USD,Navy blue1575158103-6371,https://www.zara.com/us/en/woman-knitwear-l1152.html?v1=1281621,WOOL BLEND JACQUARD SWEATER,https://www.zara.com/us/en/wool-blend-jacquard-sweater-p05755131.html,WOOL BLEND JACQUARD SWEATER Details,69.90 USD,only one1575157992-6317,https://www.zara.com/us/en/woman-knitwear-l1152.html?v1=1281621,DRAPED SEQUIN DRESS,https://www.zara.com/us/en/draped-sequin-dress-p00431102.html,DRAPED SEQUIN DRESS Details,119.00 USD,Golden1575158054-6347,https://www.zara.com/us/en/woman-knitwear-l1152.html?v1=1281621,TURTLENECK KNIT TOP,https://www.zara.com/us/en/turtleneck-knit-top-p03519120.html,TURTLENECK KNIT TOP Details,19.90 USD,Burgundy1575157909-6277,https://www.zara.com/us/en/woman-knitwear-l1152.html?v1=1281621,PUFFY SLEEVED DRESS,https://www.zara.com/us/en/puffy-sleeved-dress-p05536116.html,PUFFY SLEEVED DRESS Details,39.90 USD,Black1575157229-5949,https://www.zara.com/us/en/woman-knitwear-l1152.html?v1=1281621,RUFFLED DRESS WITH BOW,https://www.zara.com/us/en/ruffled-dress-with-bow-p04331026.html,RUFFLED DRESS WITH BOW Details,69.90 USD,Ecru1575157418-6040,https://www.zara.com/us/en/woman-knitwear-l1152.html?v1=1281621,BALLOON SLEEVE SWEATER,https://www.zara.com/us/en/balloon-sleeve-sweater-p09598119.html,BALLOON SLEEVE SWEATER Details,39.90 USD,Mid-green1575158122-6380,https://www.zara.com/us/en/woman-knitwear-l1152.html?v1=1281621,MOHAIR AND WOOL DRESS,https://www.zara.com/us/en/mohair-and-wool-dress-p05755132.html,MOHAIR AND WOOL DRESS Details,119.00 USD,Anthracite grey1575157358-6011,https://www.zara.com/us/en/woman-knitwear-l1152.html?v1=1281621,TEXTURED KNIT DRESS WITH RUFFLES,https://www.zara.com/us/en/textured-knit-dress-with-ruffles-p09598140.html,TEXTURED KNIT DRESS WITH RUFFLES Details,89.90 USD,Lilac1575157895-6270,https://www.zara.com/us/en/woman-knitwear-l1152.html?v1=1281621,KNIT SWEATER WITH TIED CUFFS,https://www.zara.com/us/en/knit-sweater-with-tied-cuffs-p05536130.html,KNIT SWEATER WITH TIED CUFFS Details,49.90 USD,Black1575157959-6301,https://www.zara.com/us/en/woman-knitwear-l1152.html?v1=1281621,KNIT JACKET WITH BUTTONS,https://www.zara.com/us/en/knit-jacket-with-buttons-p06254102.html,KNIT JACKET WITH BUTTONS Details,49.90 USD,beige-pink1575157326-5996,https://www.zara.com/us/en/woman-knitwear-l1152.html?v1=1281621,CONTRASTING SEMI-SHEER TOP,https://www.zara.com/us/en/contrasting-semi-sheer-top-p09598176.html,CONTRASTING SEMI-SHEER TOP Details,39.90 USD,Black1575157444-6052,https://www.zara.com/us/en/woman-knitwear-l1152.html?v1=1281621,TEXTURED CROPPED SWEATER,https://www.zara.com/us/en/textured-cropped-sweater-p05802103.html,TEXTURED CROPPED SWEATER Details,39.90 USD,Black1575157657-6155,https://www.zara.com/us/en/woman-knitwear-l1152.html?v1=1281621,WOOL BLEND BUTTONED SWEATER,https://www.zara.com/us/en/wool-blend-buttoned-sweater-p05755130.html,WOOL BLEND BUTTONED SWEATER Details,49.90 USD,Dark beige1575157735-6193,https://www.zara.com/us/en/woman-knitwear-l1152.html?v1=1281621,TEXTURED WEAVE SWEATER WITH RUFFLES,https://www.zara.com/us/en/textured-weave-sweater-with-ruffles-p03433100.html,TEXTURED WEAVE SWEATER WITH RUFFLES Details,35.90 USD,Black1575157285-5976,https://www.zara.com/us/en/woman-knitwear-l1152.html?v1=1281621,MOCK NECK DRESS,https://www.zara.com/us/en/mock-neck-dress-p05536121.html,MOCK NECK DRESS Details,49.90 USD,White1575157487-6073,https://www.zara.com/us/en/woman-knitwear-l1152.html?v1=1281621,KNIT SWEATER WITH BUTTONS,https://www.zara.com/us/en/knit-sweater-with-buttons-p00837101.html,KNIT SWEATER WITH BUTTONS Details,49.90 USD,Gray1575157712-6182,https://www.zara.com/us/en/woman-knitwear-l1152.html?v1=1281621,ALPACA AND WOOL BLEND OVERSIZED SWEATER,https://www.zara.com/us/en/alpaca-and-wool-blend-oversized-sweater-p05755125.html,ALPACA AND WOOL BLEND OVERSIZED SWEATER Details,69.90 USD,Green1575157529-6093,https://www.zara.com/us/en/woman-knitwear-l1152.html?v1=1281621,TEXTURED KNIT SWEATER,https://www.zara.com/us/en/textured-knit-sweater-p05802107.html,TEXTURED KNIT SWEATER Details,49.90 USD,Ecru1575157948-6296,https://www.zara.com/us/en/woman-knitwear-l1152.html?v1=1281621,LIMITED EDITION COLORBLOCK SWEATER,https://www.zara.com/us/en/limited-edition-colorblock-sweater-p02142140.html,LIMITED EDITION COLORBLOCK SWEATER Details,89.90 USD,Red1575157531-6094,https://www.zara.com/us/en/woman-knitwear-l1152.html?v1=1281621,CROPPED RIBBED SWEATER,https://www.zara.com/us/en/cropped-ribbed-sweater-p05536107.html,CROPPED RIBBED SWEATER Details,35.90 USD,Bone1575158050-6345,https://www.zara.com/us/en/woman-knitwear-l1152.html?v1=1281621,STRIPED SWEATER WITH BALLOON SLEEVES,https://www.zara.com/us/en/striped-sweater-with-balloon-sleeves-p04978105.html,STRIPED SWEATER WITH BALLOON SLEEVES Details,35.90 USD,Fuchsia1575157391-6027,https://www.zara.com/us/en/woman-knitwear-l1152.html?v1=1281621,PANTS WITH SIDE VENTS,https://www.zara.com/us/en/pants-with-side-vents-p06254106.html,PANTS WITH SIDE VENTS Details,39.90 USD,Black1575157245-5957,https://www.zara.com/us/en/woman-knitwear-l1152.html?v1=1281621,METALLIC THREAD KNIT JACKET,https://www.zara.com/us/en/metallic-thread-knit-jacket-p04331106.html,METALLIC THREAD KNIT JACKET Details,35.90 USD,Golden1575157897-6271,https://www.zara.com/us/en/woman-knitwear-l1152.html?v1=1281621,RIBBED CROPPED JACKET,https://www.zara.com/us/en/ribbed-cropped-jacket-p05507113.html,RIBBED CROPPED JACKET Details,39.90 USD,Dark gray1575158099-6369,https://www.zara.com/us/en/woman-knitwear-l1152.html?v1=1281621,KNIT MINI SKIRT,https://www.zara.com/us/en/knit-mini-skirt-p03597110.html,KNIT MINI SKIRT Details,39.90 USD,Black1575157498-6078,https://www.zara.com/us/en/woman-knitwear-l1152.html?v1=1281621,STRUCTURED KNIT JACKET,https://www.zara.com/us/en/structured-knit-jacket-p03597014.html,STRUCTURED KNIT JACKET Details,89.90 USD,Multicolored1575157760-6205,https://www.zara.com/us/en/woman-knitwear-l1152.html?v1=1281621,PANTS WITH CONTRASTING PIPING,https://www.zara.com/us/en/pants-with-contrasting-piping-p06254120.html,PANTS WITH CONTRASTING PIPING Details,49.90 USD,Black1575157301-5984,https://www.zara.com/us/en/woman-knitwear-l1152.html?v1=1281621,RUFFLED DRESS,https://www.zara.com/us/en/ruffled-dress-p06254111.html,RUFFLED DRESS Details,49.90 USD,Black1575157549-6103,https://www.zara.com/us/en/woman-knitwear-l1152.html?v1=1281621,MOHAIR AND WOOL BLEND SWEATER,https://www.zara.com/us/en/mohair-and-wool-blend-sweater-p09598168.html,MOHAIR AND WOOL BLEND SWEATER Details,89.90 USD,Light Blue1575158035-6338,https://www.zara.com/us/en/woman-knitwear-l1152.html?v1=1281621,KNIT POMPOM JACKET,https://www.zara.com/us/en/knit-pompom-jacket-p05802119.html,KNIT POMPOM JACKET Details,49.90 USD,Ecru1575158021-6331,https://www.zara.com/us/en/woman-knitwear-l1152.html?v1=1281621,KNIT POMPOM SWEATER,https://www.zara.com/us/en/knit-pompom-sweater-p05802118.html,KNIT POMPOM SWEATER Details,49.90 USD,Ecru1575157839-6243,https://www.zara.com/us/en/woman-knitwear-l1152.html?v1=1281621,PUFF SLEEVED SWEATER,https://www.zara.com/us/en/puff-sleeved-sweater-p04331104.html,PUFF SLEEVED SWEATER Details,35.90 USD,Black1575157872-6259,https://www.zara.com/us/en/woman-knitwear-l1152.html?v1=1281621,BALLOON SLEEVE RIBBED SWEATER,https://www.zara.com/us/en/balloon-sleeve-ribbed-sweater-p05536136.html,BALLOON SLEEVE RIBBED SWEATER Details,39.90 USD,Burgundy1575157919-6282,https://www.zara.com/us/en/woman-knitwear-l1152.html?v1=1281621,ASYMMETRICAL TOP WITH BOW,https://www.zara.com/us/en/asymmetrical-top-with-bow-p08146119.html,ASYMMETRICAL TOP WITH BOW Details,35.90 USD,Fuchsia1575157599-6127,https://www.zara.com/us/en/woman-knitwear-l1152.html?v1=1281621,KNIT SWEATER WITH CONTRASTING TRIM,https://www.zara.com/us/en/knit-sweater-with-contrasting-trim-p09598123.html,KNIT SWEATER WITH CONTRASTING TRIM Details,49.90 USD,Dusty pink1575157780-6215,https://www.zara.com/us/en/woman-knitwear-l1152.html?v1=1281621,RUFFLED MOHAIR AND WOOL BLEND SWEATER,https://www.zara.com/us/en/ruffled-mohair-and-wool-blend-sweater-p05755114.html,RUFFLED MOHAIR AND WOOL BLEND SWEATER Details,89.90 USD,Red1575157595-6125,https://www.zara.com/us/en/woman-knitwear-l1152.html?v1=1281621,FAUX FUR SWEATER,https://www.zara.com/us/en/faux-fur-sweater-p09598162.html,FAUX FUR SWEATER Details,39.90 USD,Stone1575157541-6099,https://www.zara.com/us/en/woman-knitwear-l1152.html?v1=1281621,SWEATER WITH CONTRASTING COLLAR,https://www.zara.com/us/en/sweater-with-contrasting-collar-p02142105.html,SWEATER WITH CONTRASTING COLLAR Details,39.90 USD,Anthracite grey1575157235-5952,https://www.zara.com/us/en/woman-knitwear-l1152.html?v1=1281621,CUT OUT MIDI DRESS,https://www.zara.com/us/en/cut-out-midi-dress-p02893102.html,CUT OUT MIDI DRESS Details,49.90 USD,Black1575157258-5963,https://www.zara.com/us/en/woman-knitwear-l1152.html?v1=1281621,ALPACA AND WOOL BLEND SWEATER,https://www.zara.com/us/en/alpaca-and-wool-blend-sweater-p00837102.html,ALPACA AND WOOL BLEND SWEATER Details,69.90 USD,Light pink1575157254-5961,https://www.zara.com/us/en/woman-knitwear-l1152.html?v1=1281621,JACQUARD KNIT SWEATER,https://www.zara.com/us/en/jacquard-knit-sweater-p02298109.html,JACQUARD KNIT SWEATER Details,39.90 USD,Multicolored1575157336-6001,https://www.zara.com/us/en/woman-knitwear-l1152.html?v1=1281621,TEXTURED KNIT SWEATER WITH METALLIC THREAD,https://www.zara.com/us/en/textured-knit-sweater-with-metallic-thread-p06254107.html,TEXTURED KNIT SWEATER WITH METALLIC THREAD Details,39.90 USD,Coral1575157522-6090,https://www.zara.com/us/en/woman-knitwear-l1152.html?v1=1281621,PRINTED SOFT FEEL SWEATER,https://www.zara.com/us/en/printed-soft-feel-sweater-p09598125.html,PRINTED SOFT FEEL SWEATER Details,39.90 USD,Burgundy1575157837-6242,https://www.zara.com/us/en/woman-knitwear-l1152.html?v1=1281621,POINTELLE DRESS WITH BALLOON SLEEVES,https://www.zara.com/us/en/pointelle-dress-with-balloon-sleeves-p02488102.html,POINTELLE DRESS WITH BALLOON SLEEVES Details,49.90 USD,Black1575157305-5986,https://www.zara.com/us/en/woman-knitwear-l1152.html?v1=1281621,WOOL AND COTTON BLEND SWEATER,https://www.zara.com/us/en/wool-and-cotton-blend-sweater-p09598137.html,WOOL AND COTTON BLEND SWEATER Details,49.90 USD,Ecru1575157615-6135,https://www.zara.com/us/en/woman-knitwear-l1152.html?v1=1281621,SLEEVELESS KNIT TOP,https://www.zara.com/us/en/sleeveless-knit-top-p00014109.html,SLEEVELESS KNIT TOP Details,35.90 USD,Black1575157876-6261,https://www.zara.com/us/en/woman-knitwear-l1152.html?v1=1281621,OVERSIZED SWEATER,https://www.zara.com/us/en/oversized-sweater-p09598107.html,OVERSIZED SWEATER Details,49.90 USD,Ecru1575157397-6030,https://www.zara.com/us/en/woman-knitwear-l1152.html?v1=1281621,DRAPED DRESS,https://www.zara.com/us/en/draped-dress-p06873101.html,DRAPED DRESS Details,69.90 USD,Black1575157570-6113,https://www.zara.com/us/en/woman-knitwear-l1152.html?v1=1281621,PATTERNED JACQUARD SWEATER,https://www.zara.com/us/en/patterned-jacquard-sweater-p06254113.html,PATTERNED JACQUARD SWEATER Details,49.90 USD,only one1575157366-6015,https://www.zara.com/us/en/woman-knitwear-l1152.html?v1=1281621,METALLIC THREAD TOP,https://www.zara.com/us/en/metallic-thread-top-p06771111.html,METALLIC THREAD TOP Details,49.90 USD,Silver1575158091-6365,https://www.zara.com/us/en/woman-knitwear-l1152.html?v1=1281621,ELASTIC DETAIL TOP,https://www.zara.com/us/en/elastic-detail-top-p09874107.html,ELASTIC DETAIL TOP Details,39.90 USD,Bottle green1575157504-6081,https://www.zara.com/us/en/woman-knitwear-l1152.html?v1=1281621,PATTERNED JACQUARD MINI SKIRT,https://www.zara.com/us/en/patterned-jacquard-mini-skirt-p06254114.html,PATTERNED JACQUARD MINI SKIRT Details,39.90 USD,only one1575158064-6352,https://www.zara.com/us/en/woman-knitwear-l1152.html?v1=1281621,LONG ASYMMETRICAL DRESS,https://www.zara.com/us/en/long-asymmetrical-dress-p06873143.html,LONG ASYMMETRICAL DRESS Details,49.90 USD,Red1575157324-5995,https://www.zara.com/us/en/woman-knitwear-l1152.html?v1=1281621,STUDDED KNIT SWEATER,https://www.zara.com/us/en/studded-knit-sweater-p01509025.html,STUDDED KNIT SWEATER Details,35.90 USD,Gray1575157971-6307,https://www.zara.com/us/en/woman-knitwear-l1152.html?v1=1281621,FUNNEL NECK SWEATER,https://www.zara.com/us/en/funnel-neck-sweater-p05646124.html,FUNNEL NECK SWEATER Details,35.90 USD,Gray1575158017-6329,https://www.zara.com/us/en/woman-knitwear-l1152.html?v1=1281621,MOCK NECK SWEATER,https://www.zara.com/us/en/mock-neck-sweater-p05536115.html,MOCK NECK SWEATER Details,39.90 USD,Black1575157414-6038,https://www.zara.com/us/en/woman-knitwear-l1152.html?v1=1281621,KNIT CARDIGAN,https://www.zara.com/us/en/knit-cardigan-p09598105.html,KNIT CARDIGAN Details,49.90 USD,Gray1575157584-6120,https://www.zara.com/us/en/woman-knitwear-l1152.html?v1=1281621,WOOL BLEND V-NECK SWEATER,https://www.zara.com/us/en/wool-blend-v-neck-sweater-p01509111.html,WOOL BLEND V-NECK SWEATER Details,49.90 USD,Blue marl1575157489-6074,https://www.zara.com/us/en/woman-knitwear-l1152.html?v1=1281621,GARFIELD Œ©PAWS INC SWEATER,https://www.zara.com/us/en/garfield-%C2%A9paws-inc-sweater-p00021100.html,GARFIELD Œ©PAWS INC SWEATER Details,69.90 USD,Dark gray1575157758-6204,https://www.zara.com/us/en/woman-knitwear-l1152.html?v1=1281621,MOCK NECK TUNIC WITH CONTRASTING PIPING,https://www.zara.com/us/en/mock-neck-tunic-with-contrasting-piping-p06254119.html,MOCK NECK TUNIC WITH CONTRASTING PIPING Details,39.90 USD,Black1575157766-6208,https://www.zara.com/us/en/woman-knitwear-l1152.html?v1=1281621,KNIT JACKET WITH BUTTONS,https://www.zara.com/us/en/knit-jacket-with-buttons-p08851127.html,KNIT JACKET WITH BUTTONS Details,35.90 USD,Gray marl1575158151-6394,https://www.zara.com/us/en/woman-knitwear-l1152.html?v1=1281621,RUFFLED MIDI SKIRT,https://www.zara.com/us/en/ruffled-midi-skirt-p00014111.html,RUFFLED MIDI SKIRT Details,49.90 USD,Black1575157700-6176,https://www.zara.com/us/en/woman-knitwear-l1152.html?v1=1281621,SOFT FEEL SWEATER,https://www.zara.com/us/en/soft-feel-sweater-p05093458.html,SOFT FEEL SWEATER Details,19.90 USD,brown vigore1575157314-5990,https://www.zara.com/us/en/woman-knitwear-l1152.html?v1=1281621,KNIT LEGGINGS,https://www.zara.com/us/en/knit-leggings-p02142012.html,KNIT LEGGINGS Details,39.90 USD,Black1575157395-6029,https://www.zara.com/us/en/woman-knitwear-l1152.html?v1=1281621,TIED KNIT TOP,https://www.zara.com/us/en/tied-knit-top-p03859113.html,TIED KNIT TOP Details,49.90 USD,Dark salmon1575158126-6382,https://www.zara.com/us/en/woman-knitwear-l1152.html?v1=1281621,LIMITED EDITION JACQUARD SWEATER,https://www.zara.com/us/en/limited-edition-jacquard-sweater-p03653108.html,LIMITED EDITION JACQUARD SWEATER Details,89.90 USD,Black1575157845-6246,https://www.zara.com/us/en/woman-knitwear-l1152.html?v1=1281621,KNIT JOGGING PANTS,https://www.zara.com/us/en/knit-jogging-pants-p05536100.html,KNIT JOGGING PANTS Details,39.90 USD,Gray1575157352-6008,https://www.zara.com/us/en/woman-knitwear-l1152.html?v1=1281621,DRESS WITH METALLIC THREAD,https://www.zara.com/us/en/dress-with-metallic-thread-p03859107.html,DRESS WITH METALLIC THREAD Details,119.00 USD,Gold / Silver1575157797-6223,https://www.zara.com/us/en/woman-knitwear-l1152.html?v1=1281621,TEXTURED SEQUIN SWEATER,https://www.zara.com/us/en/textured-sequin-sweater-p03859127.html,TEXTURED SEQUIN SWEATER Details,49.90 USD,Sea green1575157770-6210,https://www.zara.com/us/en/woman-knitwear-l1152.html?v1=1281621,CONTRASTING ORGANZA TOP,https://www.zara.com/us/en/contrasting-organza-top-p02488138.html,CONTRASTING ORGANZA TOP Details,39.90 USD,Dusty pink1575157428-6045,https://www.zara.com/us/en/woman-knitwear-l1152.html?v1=1281621,CROPPED TOP WITH BUTTONS,https://www.zara.com/us/en/cropped-top-with-buttons-p03519103.html,CROPPED TOP WITH BUTTONS Details,25.90 USD,Black1575157717-6184,https://www.zara.com/us/en/woman-knitwear-l1152.html?v1=1281621,CASHMERE SWEATER,https://www.zara.com/us/en/cashmere-sweater-p03887101.html,CASHMERE SWEATER Details,149.00 USD,Blue / Gray1575157810-6229,https://www.zara.com/us/en/woman-knitwear-l1152.html?v1=1281621,SLIT FRONT TOP,https://www.zara.com/us/en/slit-front-top-p06873100.html,SLIT FRONT TOP Details,39.90 USD,Black1575157527-6092,https://www.zara.com/us/en/woman-knitwear-l1152.html?v1=1281621,KNIT JACQUARD CARDIGAN,https://www.zara.com/us/en/knit-jacquard-cardigan-p01822128.html,KNIT JACQUARD CARDIGAN Details,89.90 USD,Mustard1575157684-6168,https://www.zara.com/us/en/woman-knitwear-l1152.html?v1=1281621,OVERSIZED EXPOSED SHOULDER SWEATER,https://www.zara.com/us/en/oversized-exposed-shoulder-sweater-p05536127.html,OVERSIZED EXPOSED SHOULDER SWEATER Details,49.90 USD,White1575158029-6335,https://www.zara.com/us/en/woman-knitwear-l1152.html?v1=1281621,CROCHET SEQUIN TOP,https://www.zara.com/us/en/crochet-sequin-top-p06895104.html,CROCHET SEQUIN TOP Details,89.90 USD,Black / Ecru1575157686-6169,https://www.zara.com/us/en/woman-knitwear-l1152.html?v1=1281621,WOOL BLEND FUNNEL NECK SWEATER,https://www.zara.com/us/en/wool-blend-funnel-neck-sweater-p05755126.html,WOOL BLEND FUNNEL NECK SWEATER Details,89.90 USD,Anthracite grey1575157406-6034,https://www.zara.com/us/en/woman-knitwear-l1152.html?v1=1281621,JACKET WITH VOLUMINOUS SLEEVES,https://www.zara.com/us/en/jacket-with-voluminous-sleeves-p03519101.html,JACKET WITH VOLUMINOUS SLEEVES Details,35.90 USD,Navy blue1575157318-5992,https://www.zara.com/us/en/woman-knitwear-l1152.html?v1=1281621,MOCK NECK SWEATER,https://www.zara.com/us/en/mock-neck-sweater-p09598100.html,MOCK NECK SWEATER Details,39.90 USD,Burgundy1575157768-6209,https://www.zara.com/us/en/woman-knitwear-l1152.html?v1=1281621,FAUX FUR SWEATER WITH HEART BUTTONS,https://www.zara.com/us/en/faux-fur-sweater-with-heart-buttons-p09598101.html,FAUX FUR SWEATER WITH HEART BUTTONS Details,39.90 USD,Ecru1575158161-6399,https://www.zara.com/us/en/woman-knitwear-l1152.html?v1=1281621,RIBBED JACKET WITH BUTTONS,https://www.zara.com/us/en/ribbed-jacket-with-buttons-p02162101.html,RIBBED JACKET WITH BUTTONS Details,35.90 USD,Black1575157893-6269,https://www.zara.com/us/en/woman-knitwear-l1152.html?v1=1281621,CONTRASTING EMBROIDERY SWEATER,https://www.zara.com/us/en/contrasting-embroidery-sweater-p06771108.html,CONTRASTING EMBROIDERY SWEATER Details,49.90 USD,Brown1575158110-6374,https://www.zara.com/us/en/woman-knitwear-l1152.html?v1=1281621,SWEATER WITH CONTRASTING SLEEVES,https://www.zara.com/us/en/sweater-with-contrasting-sleeves-p02142141.html,SWEATER WITH CONTRASTING SLEEVES Details,39.90 USD,Black1575157807-6228,https://www.zara.com/us/en/woman-knitwear-l1152.html?v1=1281621,MOCK NECK SWEATER,https://www.zara.com/us/en/mock-neck-sweater-p06687102.html,MOCK NECK SWEATER Details,35.90 USD,Purple1575157572-6114,https://www.zara.com/us/en/woman-knitwear-l1152.html?v1=1281621,RUFFLED SWEATER WITH PEARLS,https://www.zara.com/us/en/ruffled-sweater-with-pearls-p02488133.html,RUFFLED SWEATER WITH PEARLS Details,49.90 USD,Black1575157330-5998,https://www.zara.com/us/en/woman-knitwear-l1152.html?v1=1281621,LONG KNIT JACKET,https://www.zara.com/us/en/long-knit-jacket-p02142111.html,LONG KNIT JACKET Details,49.90 USD,Mink1575157383-6023,https://www.zara.com/us/en/woman-knitwear-l1152.html?v1=1281621,SCALLOPED KNIT TOP,https://www.zara.com/us/en/scalloped-knit-top-p09874102.html,SCALLOPED KNIT TOP Details,29.90 USD,Black1575157622-6138,https://www.zara.com/us/en/woman-knitwear-l1152.html?v1=1281621,KNIT A-LINE DRESS,https://www.zara.com/us/en/knit-a-line-dress-p00014102.html,KNIT A-LINE DRESS Details,69.90 USD,Duck green1575157510-6084,https://www.zara.com/us/en/woman-knitwear-l1152.html?v1=1281621,TIED KNIT TOP,https://www.zara.com/us/en/tied-knit-top-p02142126.html,TIED KNIT TOP Details,49.90 USD,Pink1575157605-6130,https://www.zara.com/us/en/woman-knitwear-l1152.html?v1=1281621,COLORBLOCK KNIT SWEATER,https://www.zara.com/us/en/colorblock-knit-sweater-p05536132.html,COLORBLOCK KNIT SWEATER Details,35.90 USD,Black / Ecru1575157210-5940,https://www.zara.com/us/en/woman-knitwear-l1152.html?v1=1281621,TIED RIBBED TOP,https://www.zara.com/us/en/tied-ribbed-top-p02142132.html,TIED RIBBED TOP Details,39.90 USD,Burgundy1575157890-6268,https://www.zara.com/us/en/woman-knitwear-l1152.html?v1=1281621,LIMITED EDITION EMBROIDERED TOP,https://www.zara.com/us/en/limited-edition-embroidered-top-p06895102.html,LIMITED EDITION EMBROIDERED TOP Details,69.90 USD,Ecru / Black1575157345-6005,https://www.zara.com/us/en/woman-knitwear-l1152.html?v1=1281621,TEXTURED CARDIGAN,https://www.zara.com/us/en/textured-cardigan-p08779626.html,TEXTURED CARDIGAN Details,35.90 USD,Khaki1575157462-6061,https://www.zara.com/us/en/woman-knitwear-l1152.html?v1=1281621,METALLIC THREAD KNIT JACKET,https://www.zara.com/us/en/metallic-thread-knit-jacket-p06254117.html,METALLIC THREAD KNIT JACKET Details,49.90 USD,Black1575157979-6311,https://www.zara.com/us/en/woman-knitwear-l1152.html?v1=1281621,KNIT MINI DRESS,https://www.zara.com/us/en/knit-mini-dress-p09874016.html,KNIT MINI DRESS Details,49.90 USD,Black1575157915-6280,https://www.zara.com/us/en/woman-knitwear-l1152.html?v1=1281621,KNIT JACKET WITH BUTTONS,https://www.zara.com/us/en/knit-jacket-with-buttons-p02488105.html,KNIT JACKET WITH BUTTONS Details,39.90 USD,Light Blue1575157843-6245,https://www.zara.com/us/en/woman-knitwear-l1152.html?v1=1281621,OVERSIZED KNIT SWEATER,https://www.zara.com/us/en/oversized-knit-sweater-p09598111.html,OVERSIZED KNIT SWEATER Details,49.90 USD,Black1575157739-6195,https://www.zara.com/us/en/woman-knitwear-l1152.html?v1=1281621,BACK BUTTONED SWEATER,https://www.zara.com/us/en/back-buttoned-sweater-p05755100.html,BACK BUTTONED SWEATER Details,35.90 USD,Camel1575157984-6313,https://www.zara.com/us/en/woman-knitwear-l1152.html?v1=1281621,OVERSIZED SOFT FEEL DRESS,https://www.zara.com/us/en/oversized-soft-feel-dress-p06511101.html,OVERSIZED SOFT FEEL DRESS Details,49.90 USD,Gray1575157539-6098,https://www.zara.com/us/en/woman-knitwear-l1152.html?v1=1281621,BASIC SWEATER WITH BUTTONS,https://www.zara.com/us/en/basic-sweater-with-buttons-p05646122.html,BASIC SWEATER WITH BUTTONS Details,35.90 USD,Black1575157393-6028,https://www.zara.com/us/en/woman-knitwear-l1152.html?v1=1281621,KNIT DRESS WITH BUTTONS,https://www.zara.com/us/en/knit-dress-with-buttons-p06254104.html,KNIT DRESS WITH BUTTONS Details,69.90 USD,Black1575157564-6110,https://www.zara.com/us/en/woman-knitwear-l1152.html?v1=1281621,JACQUARD DRESS,https://www.zara.com/us/en/jacquard-dress-p01822124.html,JACQUARD DRESS Details,69.90 USD,Mustard1575157862-6254,https://www.zara.com/us/en/woman-knitwear-l1152.html?v1=1281621,KNIT SWEATER WITH BEADING,https://www.zara.com/us/en/knit-sweater-with-beading-p09598174.html,KNIT SWEATER WITH BEADING Details,69.90 USD,Gray1575157379-6021,https://www.zara.com/us/en/woman-knitwear-l1152.html?v1=1281621,CABLE KNIT SWEATER,https://www.zara.com/us/en/cable-knit-sweater-p06873010.html,CABLE KNIT SWEATER Details,49.90 USD,Lime green1575157795-6222,https://www.zara.com/us/en/woman-knitwear-l1152.html?v1=1281621,CUT OUT MINI DRESS,https://www.zara.com/us/en/cut-out-mini-dress-p09598120.html,CUT OUT MINI DRESS Details,39.90 USD,Black1575157609-6132,https://www.zara.com/us/en/woman-knitwear-l1152.html?v1=1281621,LIMITED EDITION EXTRA-FINE WOOL SWEATER,https://www.zara.com/us/en/limited-edition-extra-fine-wool-sweater-p02893104.html,LIMITED EDITION EXTRA-FINE WOOL SWEATER Details,49.90 USD,Anthracite grey1575157441-6051,https://www.zara.com/us/en/woman-knitwear-l1152.html?v1=1281621,STRIPED CROPPED SWEATER,https://www.zara.com/us/en/striped-cropped-sweater-p03597100.html,STRIPED CROPPED SWEATER Details,39.90 USD,Red / Black1575157545-6101,https://www.zara.com/us/en/woman-knitwear-l1152.html?v1=1281621,SPECIAL EDITION MOHAIR SWEATER,https://www.zara.com/us/en/special-edition-mohair-sweater-p05755115.html,SPECIAL EDITION MOHAIR SWEATER Details,89.90 USD,Blue1575157675-6164,https://www.zara.com/us/en/woman-knitwear-l1152.html?v1=1281621,FITTED SKIRT KNIT DRESS,https://www.zara.com/us/en/fitted-skirt-knit-dress-p00014108.html,FITTED SKIRT KNIT DRESS Details,69.90 USD,Black1575157953-6298,https://www.zara.com/us/en/woman-knitwear-l1152.html?v1=1281621,FRINGED KNIT VEST,https://www.zara.com/us/en/fringed-knit-vest-p06254125.html,FRINGED KNIT VEST Details,35.90 USD,Black1575157215-5942,https://www.zara.com/us/en/woman-knitwear-l1152.html?v1=1281621,CONTRASTING ORGANZA DRESS,https://www.zara.com/us/en/contrasting-organza-dress-p02488140.html,CONTRASTING ORGANZA DRESS Details,69.90 USD,Dark burgundy1575157524-6091,https://www.zara.com/us/en/woman-knitwear-l1152.html?v1=1281621,FLORAL JACQUARD KNIT DRESS,https://www.zara.com/us/en/floral-jacquard-knit-dress-p01822126.html,FLORAL JACQUARD KNIT DRESS Details,89.90 USD,Burgundy1575157973-6308,https://www.zara.com/us/en/woman-knitwear-l1152.html?v1=1281621,SEQUIN FEATHER LOOK TOP,https://www.zara.com/us/en/sequin-feather-look-top-p09598165.html,SEQUIN FEATHER LOOK TOP Details,39.90 USD,Black1575157663-6158,https://www.zara.com/us/en/woman-knitwear-l1152.html?v1=1281621,POINTELLE KNIT SWEATER,https://www.zara.com/us/en/pointelle-knit-sweater-p06771105.html,POINTELLE KNIT SWEATER Details,49.90 USD,Light Blue1575157924-6284,https://www.zara.com/us/en/woman-knitwear-l1152.html?v1=1281621,OVERSIZED KNIT VEST,https://www.zara.com/us/en/oversized-knit-vest-p09598186.html,OVERSIZED KNIT VEST Details,69.90 USD,Dark gray1575157547-6102,https://www.zara.com/us/en/woman-knitwear-l1152.html?v1=1281621,MOHAIR AND WOOL BLEND SWEATER,https://www.zara.com/us/en/mohair-and-wool-blend-sweater-p09598124.html,MOHAIR AND WOOL BLEND SWEATER Details,89.90 USD,Leopard1575158011-6326,https://www.zara.com/us/en/woman-knitwear-l1152.html?v1=1281621,SWEATER WITH METALLIC THREAD,https://www.zara.com/us/en/sweater-with-metallic-thread-p09874101.html,SWEATER WITH METALLIC THREAD Details,39.90 USD,Pink1575157404-6033,https://www.zara.com/us/en/woman-knitwear-l1152.html?v1=1281621,STRIPED SWEATER WITH FULL SLEEVES,https://www.zara.com/us/en/striped-sweater-with-full-sleeves-p04978101.html,STRIPED SWEATER WITH FULL SLEEVES Details,35.90 USD,striped1575158149-6393,https://www.zara.com/us/en/woman-knitwear-l1152.html?v1=1281621,COMBINATION KNIT CARDIGAN,https://www.zara.com/us/en/combination-knit-cardigan-p09598191.html,COMBINATION KNIT CARDIGAN Details,49.90 USD,Gray1575157555-6106,https://www.zara.com/us/en/woman-knitwear-l1152.html?v1=1281621,WOOL AND CASHMERE BLEND SWEATER,https://www.zara.com/us/en/wool-and-cashmere-blend-sweater-p09598181.html,WOOL AND CASHMERE BLEND SWEATER Details,89.90 USD,Brown / Taupe1575157401-6032,https://www.zara.com/us/en/woman-knitwear-l1152.html?v1=1281621,RUFFLED KNIT TOP,https://www.zara.com/us/en/ruffled-knit-top-p02142118.html,RUFFLED KNIT TOP Details,29.90 USD,Khaki1575157942-6293,https://www.zara.com/us/en/woman-knitwear-l1152.html?v1=1281621,KNIT SWEATER WITH BEADING,https://www.zara.com/us/en/knit-sweater-with-beading-p09598121.html,KNIT SWEATER WITH BEADING Details,49.90 USD,Gray1575157562-6109,https://www.zara.com/us/en/woman-knitwear-l1152.html?v1=1281621,RUFFLED KNIT DRESS,https://www.zara.com/us/en/ruffled-knit-dress-p03471115.html,RUFFLED KNIT DRESS Details,69.90 USD,Black1575157928-6286,https://www.zara.com/us/en/woman-knitwear-l1152.html?v1=1281621,OVERSIZED SWEATER,https://www.zara.com/us/en/oversized-sweater-p06873139.html,OVERSIZED SWEATER Details,69.90 USD,Mid-gray1575157681-6167,https://www.zara.com/us/en/woman-knitwear-l1152.html?v1=1281621,MERINO WOOL DRESS,https://www.zara.com/us/en/merino-wool-dress-p05755123.html,MERINO WOOL DRESS Details,89.90 USD,Brown / Taupe1575157812-6230,https://www.zara.com/us/en/woman-knitwear-l1152.html?v1=1281621,SCALLOPED TUBE DRESS,https://www.zara.com/us/en/scalloped-tube-dress-p06771112.html,SCALLOPED TUBE DRESS Details,39.90 USD,Black1575157688-6170,https://www.zara.com/us/en/woman-knitwear-l1152.html?v1=1281621,LONG RIBBED DRESS,https://www.zara.com/us/en/long-ribbed-dress-p03471117.html,LONG RIBBED DRESS Details,39.90 USD,Black1575157256-5962,https://www.zara.com/us/en/woman-knitwear-l1152.html?v1=1281621,POINTELLE KNIT SWEATER,https://www.zara.com/us/en/pointelle-knit-sweater-p00014104.html,POINTELLE KNIT SWEATER Details,39.90 USD,Black1575157320-5993,https://www.zara.com/us/en/woman-knitwear-l1152.html?v1=1281621,CHENILLE KNIT DRESS,https://www.zara.com/us/en/chenille-knit-dress-p05802111.html,CHENILLE KNIT DRESS Details,49.90 USD,Black1575157799-6224,https://www.zara.com/us/en/woman-knitwear-l1152.html?v1=1281621,FLORAL EMBROIDERED CHENILLE SWEATER,https://www.zara.com/us/en/floral-embroidered-chenille-sweater-p00431103.html,FLORAL EMBROIDERED CHENILLE SWEATER Details,119.00 USD,Black1575157721-6186,https://www.zara.com/us/en/woman-knitwear-l1152.html?v1=1281621,ALPACA AND WOOL BLEND SWEATER,https://www.zara.com/us/en/alpaca-and-wool-blend-sweater-p09598103.html,ALPACA AND WOOL BLEND SWEATER Details,49.90 USD,Anthracite grey1575157381-6022,https://www.zara.com/us/en/woman-knitwear-l1152.html?v1=1281621,JACQUARD SWEATER,https://www.zara.com/us/en/jacquard-sweater-p06693004.html,JACQUARD SWEATER Details,49.90 USD,Ecru1575157617-6136,https://www.zara.com/us/en/woman-knitwear-l1152.html?v1=1281621,HOUNDSTOOTH KNIT BLAZER,https://www.zara.com/us/en/houndstooth-knit-blazer-p06873121.html,HOUNDSTOOTH KNIT BLAZER Details,69.90 USD,only one1575157719-6185,https://www.zara.com/us/en/woman-knitwear-l1152.html?v1=1281621,FUNNEL NECK SWEATER,https://www.zara.com/us/en/funnel-neck-sweater-p05536128.html,FUNNEL NECK SWEATER Details,39.90 USD,Black1575157901-6273,https://www.zara.com/us/en/woman-knitwear-l1152.html?v1=1281621,WOOL BLEND SWEATER,https://www.zara.com/us/en/wool-blend-sweater-p06771135.html,WOOL BLEND SWEATER Details,49.90 USD,Duck blue1575158134-6386,https://www.zara.com/us/en/woman-knitwear-l1152.html?v1=1281621,WOVEN KNIT VEST,https://www.zara.com/us/en/woven-knit-vest-p02893103.html,WOVEN KNIT VEST Details,49.90 USD,Ecru1575158060-6350,https://www.zara.com/us/en/woman-knitwear-l1152.html?v1=1281621,LIMITED EDITION RECYCLED CASHMERE SWEATER,https://www.zara.com/us/en/limited-edition-recycled-cashmere-sweater-p00158101.html,LIMITED EDITION RECYCLED CASHMERE SWEATER Details,249.00 USD,Brown / Taupe1575157316-5991,https://www.zara.com/us/en/woman-knitwear-l1152.html?v1=1281621,SWEATER WITH CONTRASTING SLEEVES,https://www.zara.com/us/en/sweater-with-contrasting-sleeves-p03390101.html,SWEATER WITH CONTRASTING SLEEVES Details,39.90 USD,Ecru1575157485-6072,https://www.zara.com/us/en/woman-knitwear-l1152.html?v1=1281621,CROPPED COMBO SWEATER,https://www.zara.com/us/en/cropped-combo-sweater-p05802106.html,CROPPED COMBO SWEATER Details,49.90 USD,Black1575157940-6292,https://www.zara.com/us/en/woman-knitwear-l1152.html?v1=1281621,KNIT SWEATER WITH APPLIQUíŠ,https://www.zara.com/us/en/knit-sweater-with-appliqu%C3%A9-p06771128.html,KNIT SWEATER WITH APPLIQUíŠ Details,49.90 USD,Black1575157652-6153,https://www.zara.com/us/en/woman-knitwear-l1152.html?v1=1281621,HOUNDSTOOTH KNIT PANTS,https://www.zara.com/us/en/houndstooth-knit-pants-p06873122.html,HOUNDSTOOTH KNIT PANTS Details,49.90 USD,only one1575157266-5967,https://www.zara.com/us/en/woman-knitwear-l1152.html?v1=1281621,OVERSIZED CABLE-KNIT SWEATER,https://www.zara.com/us/en/oversized-cable-knit-sweater-p09598129.html,OVERSIZED CABLE-KNIT SWEATER Details,49.90 USD,Purple1575157831-6239,https://www.zara.com/us/en/woman-knitwear-l1152.html?v1=1281621,FRINGED TWEED VEST,https://www.zara.com/us/en/fringed-tweed-vest-p06873134.html,FRINGED TWEED VEST Details,49.90 USD,Black1575158066-6353,https://www.zara.com/us/en/woman-knitwear-l1152.html?v1=1281621,DRAPED KNIT DRESS,https://www.zara.com/us/en/draped-knit-dress-p06873142.html,DRAPED KNIT DRESS Details,69.90 USD,Black1575157248-5958,https://www.zara.com/us/en/woman-knitwear-l1152.html?v1=1281621,RUFFLED KNIT DRESS,https://www.zara.com/us/en/ruffled-knit-dress-p04331122.html,RUFFLED KNIT DRESS Details,89.90 USD,Pastel yellow1575157851-6249,https://www.zara.com/us/en/woman-knitwear-l1152.html?v1=1281621,TEXTURED WEAVE SWEATER WITH PEARL BUTTON,https://www.zara.com/us/en/textured-weave-sweater-with-pearl-button-p06254112.html,TEXTURED WEAVE SWEATER WITH PEARL BUTTON Details,29.90 USD,Camel1575157818-6233,https://www.zara.com/us/en/woman-knitwear-l1152.html?v1=1281621,LIMITED EDITION WOOL AND YAK JACKET,https://www.zara.com/us/en/limited-edition-wool-and-yak-jacket-p05755127.html,LIMITED EDITION WOOL AND YAK JACKET Details,249.00 USD,Brown / Taupe1575158120-6379,https://www.zara.com/us/en/woman-knitwear-l1152.html?v1=1281621,CROCHET CROPPED SWEATER,https://www.zara.com/us/en/crochet-cropped-sweater-p03653117.html,CROCHET CROPPED SWEATER Details,69.90 USD,Brown1575157723-6187,https://www.zara.com/us/en/woman-knitwear-l1152.html?v1=1281621,WOOL AND CASHMERE BLEND SWEATER,https://www.zara.com/us/en/wool-and-cashmere-blend-sweater-p09598182.html,WOOL AND CASHMERE BLEND SWEATER Details,89.90 USD,Mid-gray1575157432-6047,https://www.zara.com/us/en/woman-knitwear-l1152.html?v1=1281621,PUFF SLEEVED SWEATER,https://www.zara.com/us/en/puff-sleeved-sweater-p06254109.html,PUFF SLEEVED SWEATER Details,39.90 USD,beige1575157241-5955,https://www.zara.com/us/en/woman-knitwear-l1152.html?v1=1281621,WOOL BLEND BEADED SWEATER,https://www.zara.com/us/en/wool-blend-beaded-sweater-p06427101.html,WOOL BLEND BEADED SWEATER Details,69.90 USD,Ecru1575157957-6300,https://www.zara.com/us/en/woman-knitwear-l1152.html?v1=1281621,POINTELLE DRESS,https://www.zara.com/us/en/pointelle-dress-p02142101.html,POINTELLE DRESS Details,49.90 USD,Black1575157574-6115,https://www.zara.com/us/en/woman-knitwear-l1152.html?v1=1281621,HOUNDSTOOTH SEQUIN SWEATER,https://www.zara.com/us/en/houndstooth-sequin-sweater-p09598178.html,HOUNDSTOOTH SEQUIN SWEATER Details,49.90 USD,Black / White1575158157-6397,https://www.zara.com/us/en/woman-knitwear-l1152.html?v1=1281621,KNIT SWEATER WITH BEADING,https://www.zara.com/us/en/knit-sweater-with-beading-p04193104.html,KNIT SWEATER WITH BEADING Details,89.90 USD,Black1575157206-5938,https://www.zara.com/us/en/woman-knitwear-l1152.html?v1=1281621,PUFFY SLEEVED DRESS,https://www.zara.com/us/en/puffy-sleeved-dress-p03390001.html,PUFFY SLEEVED DRESS Details,39.90 USD,Burgundy1575157237-5953,https://www.zara.com/us/en/woman-knitwear-l1152.html?v1=1281621,SEQUIN WRAP DRESS,https://www.zara.com/us/en/sequin-wrap-dress-p06206102.html,SEQUIN WRAP DRESS Details,89.90 USD,Multicolored1575158128-6383,https://www.zara.com/us/en/woman-knitwear-l1152.html?v1=1281621,KNIT SWEATER WITH PEARLS,https://www.zara.com/us/en/knit-sweater-with-pearls-p09598156.html,KNIT SWEATER WITH PEARLS Details,49.90 USD,Black1575158087-6363,https://www.zara.com/us/en/woman-knitwear-l1152.html?v1=1281621,TIED WOOL DRESS,https://www.zara.com/us/en/tied-wool-dress-p04978103.html,TIED WOOL DRESS Details,89.90 USD,Sand / Marl1575157368-6016,https://www.zara.com/us/en/woman-knitwear-l1152.html?v1=1281621,SWEATER WITH TULLE,https://www.zara.com/us/en/sweater-with-tulle-p08851112.html,SWEATER WITH TULLE Details,35.90 USD,Blue1575158089-6364,https://www.zara.com/us/en/woman-knitwear-l1152.html?v1=1281621,BASIC TURTLENECK SWEATER,https://www.zara.com/us/en/basic-turtleneck-sweater-p05646123.html,BASIC TURTLENECK SWEATER Details,35.90 USD,Mink1575157597-6126,https://www.zara.com/us/en/woman-knitwear-l1152.html?v1=1281621,V-NECK SWEATER,https://www.zara.com/us/en/v-neck-sweater-p09598115.html,V-NECK SWEATER Details,39.90 USD,White1575157591-6123,https://www.zara.com/us/en/woman-knitwear-l1152.html?v1=1281621,MOHAIR AND WOOL BLEND SWEATER,https://www.zara.com/us/en/mohair-and-wool-blend-sweater-p05802113.html,MOHAIR AND WOOL BLEND SWEATER Details,39.90 USD,Multicolored1575158124-6381,https://www.zara.com/us/en/woman-knitwear-l1152.html?v1=1281621,ALPACA JACQUARD SWEATER,https://www.zara.com/us/en/alpaca-jacquard-sweater-p02893100.html,ALPACA JACQUARD SWEATER Details,49.90 USD,Gray1575157816-6232,https://www.zara.com/us/en/woman-knitwear-l1152.html?v1=1281621,COMBINATION POINTELLE SWEATER,https://www.zara.com/us/en/combination-pointelle-sweater-p04331130.html,COMBINATION POINTELLE SWEATER Details,49.90 USD,Ecru1575158079-6359,https://www.zara.com/us/en/woman-knitwear-l1152.html?v1=1281621,ALPACA AND WOOL BLEND CARDIGAN,https://www.zara.com/us/en/alpaca-and-wool-blend-cardigan-p05755134.html,ALPACA AND WOOL BLEND CARDIGAN Details,69.90 USD,Blue